2 959.453 0.0200101 -1.10294 
3 904.811 0.00667133 -0.476503 
4 844.886 0.00355948 -0.261207 
5 799.849 0.00217955 -0.158275 
6 768.476 0.00141682 -0.101558 
7 747.953 0.000956516 -0.0663653 
8 735.817 0.000661111 -0.0430376 
9 729.576 0.000500636 -0.0284633 
10 729.27 0.000327278 -0.0158404 
11 732.19 0.00021539 -0.00727245 
12 738.18 0.000164065 -0.00236371 
13 745.867 0.000125261 0.00122838 
14 755.908 8.83125e-05 0.00403843 
15 768.044 5.62143e-05 0.00608075 
16 780.268 3.12689e-05 0.00754338 
17 793.023 1.47743e-05 0.00843712 
18 807.194 6.74389e-06 0.00876468 
19 822.978 5.62205e-06 0.00861566 
20 839.712 7.99425e-06 0.00818201 
21 856.216 9.52891e-06 0.00770754 
22 872.563 9.31899e-06 0.00725528 
23 889.104 7.68457e-06 0.00682519 
24 906 5.19056e-06 0.00640673 
25 923.175 2.67693e-06 0.00597717 
26 940.414 1.04958e-06 0.0055098 
27 957.788 4.45163e-07 0.00500779 
28 975.376 7.03269e-07 0.00448437 
29 993.134 1.56034e-06 0.00395445 
30 1010.87 2.639e-06 0.00343467 
31 1028.35 3.53477e-06 0.00294137 
32 1045.64 4.14782e-06 0.00248353 
33 1062.91 4.47336e-06 0.00206694 
34 1080.3 4.5174e-06 0.00169568 
35 1097.88 4.29787e-06 0.00137195 
36 1115.74 3.84567e-06 0.00109583 
37 1133.87 3.20585e-06 0.00086503 
38 1152.25 2.43869e-06 0.000674705 
39 1170.78 1.62079e-06 0.0005172 
40 1189.31 8.46248e-07 0.00038184 
41 1207.69 2.06889e-07 0.000257619 
42 1225.94 -2.77081e-07 0.000142858 
43 1244.13 -6.08447e-07 3.83159e-05 
44 1262.34 -7.94473e-07 -5.5469e-05 
45 1280.62 -8.47238e-07 -0.000138205 
46 1299.01 -7.83976e-07 -0.000209868 
47 1317.55 -6.27414e-07 -0.000270718 
48 1336.26 -4.06107e-07 -0.000321329 
49 1355.15 -1.5478e-07 -0.000362601 
50 1374.19 8.53369e-08 -0.000395788 
51 1393.39 2.753e-07 -0.000422251 
52 1412.76 4.08369e-07 -0.000442591 
53 1432.34 4.87479e-07 -0.000457324 
54 1452.17 5.16878e-07 -0.000467132 
55 1472.26 5.02203e-07 -0.000472879 
56 1492.62 4.50557e-07 -0.000475615 
57 1513.26 3.70583e-07 -0.000476585 
58 1534.18 2.72539e-07 -0.000477243 
59 1555.34 1.68375e-07 -0.000479257 
60 1576.73 7.18045e-08 -0.000484521 
61 1598.32 -4.60737e-09 -0.000494759 
62 1620.11 -5.91345e-08 -0.000510224 
63 1642.12 -9.32518e-08 -0.000530725 
64 1664.38 -1.08855e-07 -0.000555998 
65 1686.89 -1.08278e-07 -0.000585702 
66 1709.66 -9.43185e-08 -0.000619417 
67 1732.7 -7.02491e-08 -0.00065664 
68 1755.99 -3.9844e-08 -0.000696783 
69 1779.54 -7.39537e-09 -0.000739166 
70 1803.32 2.22661e-08 -0.000783017 
71 1827.33 4.48015e-08 -0.000827601 
72 1851.56 5.97299e-08 -0.000872654 
73 1876.03 6.76848e-08 -0.000918025 
74 1900.75 6.94264e-08 -0.000963552 
75 1925.71 6.58474e-08 -0.00100906 
76 1950.93 5.79777e-08 -0.00105437 
77 1976.38 4.6989e-08 -0.00109928 
78 2002.07 3.42005e-08 -0.00114357 
79 2027.99 2.10833e-08 -0.00118703 
80 2054.13 9.2655e-09 -0.00122941 
81 2080.46 1.84056e-10 -0.00127049 
82 2107 -6.04035e-09 -0.00131018 
83 2133.75 -9.66319e-09 -0.00134843 
84 2160.72 -1.09812e-08 -0.00138517 
85 2187.91 -1.03341e-08 -0.00142037 
86 2215.31 -8.10541e-09 -0.00145397 
87 2242.94 -4.72446e-09 -0.00148595 
88 2270.78 -6.67475e-10 -0.00151628 
89 2298.84 3.54099e-09 -0.00154493 
90 2327.11 7.32657e-09 -0.0015719 
91 2355.58 1.01861e-08 -0.00159718 
92 2384.26 1.20745e-08 -0.00162079 
93 2413.14 1.30752e-08 -0.00164277 
94 2442.22 1.3283e-08 -0.00166316 
95 2471.51 1.28046e-08 -0.00168202 
96 2501 1.17593e-08 -0.00169942 
97 2530.69 1.02788e-08 -0.00171543 
98 2560.58 8.50772e-09 -0.00173016 
99 2590.64 6.6042e-09 -0.00174369 
100 2620.89 4.73996e-09 -0.00175615 
101 2651.3 3.06767e-09 -0.00176764 
102 2681.89 1.61666e-09 -0.00177818 
103 2712.65 3.83284e-10 -0.00178777 
104 2743.58 -6.37308e-10 -0.00179641 
105 2774.69 -1.4512e-09 -0.00180411 
106 2805.98 -2.06574e-09 -0.00181087 
107 2837.44 -2.48961e-09 -0.0018167 
108 2869.07 -2.7328e-09 -0.00182161 
109 2900.88 -2.80672e-09 -0.00182562 
110 2932.86 -2.72417e-09 -0.00182874 
111 2965 -2.49942e-09 -0.00183099 
112 2997.3 -2.14822e-09 -0.00183239 
113 3029.77 -1.68788e-09 -0.00183297 
114 3062.38 -1.13724e-09 -0.00183276 
115 3095.14 -5.16758e-10 -0.00183178 
116 3128.03 1.51461e-10 -0.00183007 
117 3161.05 8.43645e-10 -0.00182767 
118 3194.18 1.53431e-09 -0.00182462 
119 3227.42 2.19621e-09 -0.00182095 
120 3260.75 2.80032e-09 -0.00181672 
121 3294.16 3.32149e-09 -0.00181196 
122 3327.65 3.75624e-09 -0.00180669 
123 3361.22 4.10694e-09 -0.0018009 
124 3394.85 4.37639e-09 -0.00179459 
125 3428.54 4.56777e-09 -0.00178776 
126 3462.3 4.68468e-09 -0.00178041 
127 3496.11 4.73112e-09 -0.00177253 
128 3529.96 4.71152e-09 -0.00176412 
129 3563.86 4.63077e-09 -0.00175519 
130 3597.79 4.49418e-09 -0.00174572 
131 3631.75 4.30752e-09 -0.00173571 
132 3665.73 4.07704e-09 -0.00172517 
133 3699.71 3.80945e-09 -0.00171409 
134 3733.7 3.51195e-09 -0.00170246 
135 3767.67 3.19222e-09 -0.00169028 
136 3801.63 2.85848e-09 -0.00167755 
137 3835.55 2.51942e-09 -0.00166427 
138 3869.44 2.18428e-09 -0.00165043 
139 3903.26 1.86281e-09 -0.00163602 
140 3937.02 1.56533e-09 -0.00162105 
141 3970.69 1.30065e-09 -0.00160551 
142 4004.28 1.0698e-09 -0.0015894 
143 4037.77 8.71699e-10 -0.00157274 
144 4071.15 7.05148e-10 -0.00155554 
145 4104.42 5.68807e-10 -0.00153781 
146 4137.57 4.61202e-10 -0.00151956 
147 4170.6 3.80724e-10 -0.00150081 
148 4203.48 3.25623e-10 -0.00148157 
149 4236.22 2.94003e-10 -0.00146185 
150 4268.81 2.83828e-10 -0.00144167 
151 4301.23 2.92909e-10 -0.00142105 
152 4333.47 3.18909e-10 -0.00139999 
153 4365.53 3.59335e-10 -0.00137853 
154 4397.39 4.11539e-10 -0.00135666 
155 4429.04 4.72715e-10 -0.00133443 
156 4460.48 5.39894e-10 -0.00131183 
157 4491.68 6.09942e-10 -0.00128889 
158 4522.64 6.7956e-10 -0.00126564 
159 4553.34 7.45278e-10 -0.00124208 
160 4583.78 8.03454e-10 -0.00121825 
161 4613.93 8.50996e-10 -0.00119417 
162 4643.8 8.87609e-10 -0.00116984 
163 4673.36 9.13742e-10 -0.00114527 
164 4702.63 9.29883e-10 -0.00112048 
165 4731.58 9.36557e-10 -0.00109547 
166 4760.2 9.34329e-10 -0.00107025 
167 4788.5 9.23806e-10 -0.00104484 
168 4816.47 9.05631e-10 -0.00101924 
169 4844.09 8.80492e-10 -0.00099347 
170 4871.35 8.49117e-10 -0.000967527 
171 4898.26 8.12277e-10 -0.000941428 
172 4924.8 7.70787e-10 -0.000915181 
173 4950.95 7.25504e-10 -0.000888796 
174 4976.72 6.77332e-10 -0.000862284 
175 5002.1 6.27217e-10 -0.000835654 
176 5027.07 5.76154e-10 -0.000808916 
177 5051.63 5.25182e-10 -0.00078208 
178 5075.76 4.75388e-10 -0.000755156 
179 5099.46 4.27907e-10 -0.000728153 
180 5122.72 3.83924e-10 -0.000701082 
181 5145.53 3.44433e-10 -0.000673953 
182 5167.88 3.09519e-10 -0.000646774 
183 5189.77 2.7902e-10 -0.000619557 
184 5211.19 2.52765e-10 -0.00059231 
185 5232.13 2.30566e-10 -0.000565044 
186 5252.59 2.12226e-10 -0.000537769 
187 5272.56 1.97532e-10 -0.000510493 
188 5292.03 1.8626e-10 -0.000483227 
189 5311.01 1.78169e-10 -0.000455981 
190 5329.47 1.73008e-10 -0.000428763 
191 5347.43 1.70509e-10 -0.000401583 
192 5364.86 1.70391e-10 -0.000374452 
193 5381.77 1.72359e-10 -0.000347377 
194 5398.14 1.76102e-10 -0.000320369 
195 5413.98 1.81297e-10 -0.000293437 
196 5429.27 1.87602e-10 -0.000266589 
197 5444.02 1.94663e-10 -0.000239836 
198 5458.21 2.0211e-10 -0.000213185 
199 5471.83 2.09556e-10 -0.000186647 
200 5484.89 2.16599e-10 -0.000160229 
201 5497.38 2.22897e-10 -0.000133941 
202 5509.28 2.28407e-10 -0.000107791 
203 5520.61 2.3316e-10 -8.17861e-05 
204 5531.36 2.3719e-10 -5.59355e-05 
205 5541.51 2.40532e-10 -3.02467e-05 
206 5551.08 2.43226e-10 -4.72728e-06 
207 5560.06 2.4531e-10 2.06151e-05 
208 5568.45 2.46828e-10 4.5773e-05 
209 5576.24 2.47824e-10 7.0739e-05 
210 5583.43 2.48345e-10 9.5506e-05 
211 5590.02 2.48439e-10 0.000120067 
212 5596 2.48157e-10 0.000144415 
213 5601.39 2.47553e-10 0.000168544 
214 5606.16 2.46683e-10 0.000192446 
215 5610.33 2.45604e-10 0.000216116 
216 5613.9 2.44376e-10 0.000239546 
217 5616.85 2.43063e-10 0.000262732 
218 5619.19 2.4173e-10 0.000285667 
219 5620.92 2.40443e-10 0.000308346 
220 5622.04 2.39273e-10 0.000330763 
221 5622.54 2.38292e-10 0.000352912 
222 5622.43 2.37575e-10 0.000374789 
223 5621.71 2.372e-10 0.000396388 
224 5620.37 2.37247e-10 0.000417705 
225 5618.42 2.37798e-10 0.000438735 
226 5615.86 2.38921e-10 0.000459474 
227 5612.69 2.40618e-10 0.000479917 
228 5608.9 2.42872e-10 0.000500058 
229 5604.5 2.45665e-10 0.000519892 
230 5599.5 2.48979e-10 0.000539415 
231 5593.89 2.52793e-10 0.000558623 
232 5587.68 2.57089e-10 0.00057751 
233 5580.86 2.61842e-10 0.000596073 
234 5573.44 2.67032e-10 0.000614307 
235 5565.43 2.72634e-10 0.00063221 
236 5556.83 2.78624e-10 0.000649776 
237 5547.63 2.84974e-10 0.000667004 
238 5537.84 2.91659e-10 0.000683889 
239 5527.47 2.98651e-10 0.000700428 
240 5516.53 3.05919e-10 0.00071662 
241 5505 3.13434e-10 0.000732461 
242 5492.9 3.21163e-10 0.000747949 
243 5480.23 3.29075e-10 0.000763082 
244 5467 3.37136e-10 0.000777858 
245 5453.21 3.45309e-10 0.000792276 
246 5438.87 3.5356e-10 0.000806334 
247 5423.97 3.61851e-10 0.000820031 
248 5408.54 3.70143e-10 0.000833366 
249 5392.56 3.78396e-10 0.000846338 
250 5376.06 3.86569e-10 0.000858947 
251 5359.03 3.94627e-10 0.000871193 
252 5341.48 4.02564e-10 0.000883073 
253 5323.41 4.10382e-10 0.000894586 
254 5304.84 4.18082e-10 0.00090573 
255 5285.76 4.25665e-10 0.000916505 
256 5266.18 4.33134e-10 0.000926907 
257 5246.12 4.40491e-10 0.000936937 
258 5225.57 4.47738e-10 0.000946593 
259 5204.54 4.54877e-10 0.000955876 
260 5183.04 4.61911e-10 0.000964783 
261 5161.08 4.68842e-10 0.000973316 
262 5138.67 4.75674e-10 0.000981474 
263 5115.8 4.82408e-10 0.000989257 
264 5092.5 4.89049e-10 0.000996666 
265 5068.77 4.956e-10 0.0010037 
266 5044.61 5.02065e-10 0.00101036 
267 5020.03 5.08446e-10 0.00101666 
268 4995.05 5.14748e-10 0.00102258 
269 4969.68 5.20975e-10 0.00102813 
270 4943.91 5.27132e-10 0.00103331 
271 4917.77 5.33222e-10 0.00103813 
272 4891.26 5.3925e-10 0.00104259 
273 4864.39 5.4522e-10 0.00104669 
274 4837.17 5.51139e-10 0.00105043 
275 4809.61 5.57011e-10 0.00105382 
276 4781.72 5.6284e-10 0.00105685 
277 4753.52 5.68624e-10 0.00105954 
278 4725.01 5.74359e-10 0.00106188 
279 4696.19 5.80044e-10 0.00106387 
280 4667.08 5.85673e-10 0.00106552 
281 4637.69 5.91243e-10 0.00106683 
282 4608.03 5.96752e-10 0.00106779 
283 4578.11 6.02194e-10 0.00106842 
284 4547.93 6.07568e-10 0.00106872 
285 4517.51 6.12868e-10 0.00106868 
286 4486.86 6.18091e-10 0.00106832 
287 4455.98 6.23233e-10 0.00106763 
288 4424.9 6.28291e-10 0.00106663 
289 4393.61 6.33259e-10 0.0010653 
290 4362.14 6.38135e-10 0.00106367 
291 4330.49 6.42914e-10 0.00106172 
292 4298.67 6.47592e-10 0.00105947 
293 4266.7 6.52165e-10 0.00105692 
294 4234.58 6.56627e-10 0.00105408 
295 4202.34 6.60976e-10 0.00105095 
296 4169.97 6.65206e-10 0.00104754 
297 4137.51 6.69312e-10 0.00104385 
298 4104.94 6.73291e-10 0.00103988 
299 4072.3 6.77138e-10 0.00103566 
300 4039.6 6.80848e-10 0.00103117 
301 4006.83 6.84416e-10 0.00102643 
302 3974.02 6.87842e-10 0.00102145 
303 3941.18 6.91125e-10 0.00101621 
304 3908.3 6.94266e-10 0.00101073 
305 3875.4 6.97263e-10 0.001005 
306 3842.48 7.00116e-10 0.000999035 
307 3809.56 7.02826e-10 0.000992828 
308 3776.64 7.05392e-10 0.000986384 
309 3743.73 7.07814e-10 0.000979706 
310 3710.83 7.10092e-10 0.000972797 
311 3677.96 7.12226e-10 0.000965659 
312 3645.13 7.14216e-10 0.000958296 
313 3612.33 7.16062e-10 0.00095071 
314 3579.59 7.17765e-10 0.000942905 
315 3546.9 7.19325e-10 0.000934885 
316 3514.28 7.20742e-10 0.000926652 
317 3481.73 7.22016e-10 0.00091821 
318 3449.27 7.23147e-10 0.000909564 
319 3416.89 7.24137e-10 0.000900716 
320 3384.62 7.24986e-10 0.000891672 
321 3352.46 7.25694e-10 0.000882435 
322 3320.41 7.26262e-10 0.000873009 
323 3288.49 7.26691e-10 0.0008634 
324 3256.71 7.26981e-10 0.000853611 
325 3225.06 7.27134e-10 0.000843648 
326 3193.57 7.27149e-10 0.000833514 
327 3162.24 7.27029e-10 0.000823216 
328 3131.08 7.26774e-10 0.000812759 
329 3100.1 7.26384e-10 0.000802147 
330 3069.31 7.25862e-10 0.000791386 
331 3038.71 7.25209e-10 0.000780482 
332 3008.31 7.24425e-10 0.00076944 
333 2978.14 7.23513e-10 0.000758267 
334 2948.18 7.22472e-10 0.000746968 
335 2918.46 7.21306e-10 0.000735549 
336 2888.98 7.20015e-10 0.000724018 
337 2859.75 7.18601e-10 0.00071238 
338 2830.78 7.17066e-10 0.000700642 
339 2802.08 7.15411e-10 0.000688811 
340 2773.65 7.13638e-10 0.000676894 
341 2745.52 7.11749e-10 0.000664897 
342 2717.68 7.09746e-10 0.000652829 
343 2690.15 7.07631e-10 0.000640697 
344 2662.94 7.05406e-10 0.000628508 
345 2636.05 7.03073e-10 0.00061627 
346 2609.5 7.00635e-10 0.000603991 
347 2583.3 6.98093e-10 0.000591679 
348 2557.44 6.9545e-10 0.000579342 
349 2531.96 6.92708e-10 0.000566989 
350 2506.84 6.89871e-10 0.000554628 
351 2482.11 6.86939e-10 0.000542267 
352 2457.77 6.83916e-10 0.000529909 
353 2433.81 6.808e-10 0.000517558 
354 2410.25 6.77594e-10 0.000505215 
355 2387.09 6.74298e-10 0.000492884 
356 2364.33 6.70913e-10 0.000480566 
357 2341.97 6.67441e-10 0.000468264 
358 2320.02 6.63883e-10 0.000455982 
359 2298.48 6.60239e-10 0.000443721 
360 2277.34 6.56511e-10 0.000431484 
361 2256.63 6.527e-10 0.000419275 
362 2236.33 6.48808e-10 0.000407095 
363 2216.45 6.44836e-10 0.000394948 
364 2196.99 6.40785e-10 0.000382836 
365 2177.96 6.36656e-10 0.000370763 
366 2159.35 6.32451e-10 0.00035873 
367 2141.17 6.28172e-10 0.000346741 
368 2123.42 6.2382e-10 0.000334799 
369 2106.1 6.19396e-10 0.000322907 
370 2089.22 6.14902e-10 0.000311068 
371 2072.77 6.1034e-10 0.000299284 
372 2056.75 6.05712e-10 0.000287558 
373 2041.17 6.01018e-10 0.000275894 
374 2026.02 5.96262e-10 0.000264295 
375 2011.32 5.91444e-10 0.000252764 
376 1997.05 5.86567e-10 0.000241303 
377 1983.23 5.81632e-10 0.000229917 
378 1969.84 5.76641e-10 0.000218607 
379 1956.89 5.71597e-10 0.000207378 
380 1944.38 5.66501e-10 0.000196232 
381 1932.32 5.61355e-10 0.000185173 
382 1920.69 5.56162e-10 0.000174204 
383 1909.51 5.50924e-10 0.000163328 
384 1898.76 5.45642e-10 0.000152549 
385 1888.45 5.4032e-10 0.000141869 
386 1878.58 5.34958e-10 0.000131293 
387 1869.15 5.29561e-10 0.000120823 
388 1860.16 5.2413e-10 0.000110463 
389 1851.59 5.18667e-10 0.000100217 
390 1843.47 5.13174e-10 9.00874e-05 
391 1835.77 5.07656e-10 8.00784e-05 
392 1828.51 5.02113e-10 7.01932e-05 
393 1821.67 4.96549e-10 6.04355e-05 
394 1815.27 4.90966e-10 5.08088e-05 
395 1809.28 4.85367e-10 4.13167e-05 
396 1803.72 4.79755e-10 3.19628e-05 
397 1798.58 4.74133e-10 2.27508e-05 
398 1793.86 4.68502e-10 1.36843e-05 
399 1789.55 4.62867e-10 4.76708e-06 
400 1785.65 4.5723e-10 -3.99716e-06 
401 1782.17 4.51594e-10 -1.26052e-05 
402 1779.08 4.4596e-10 -2.10558e-05 
403 1776.41 4.40329e-10 -2.93484e-05 
404 1774.13 4.34702e-10 -3.74823e-05 
405 1772.26 4.2908e-10 -4.54571e-05 
406 1770.77 4.23464e-10 -5.32721e-05 
407 1769.69 4.17856e-10 -6.09269e-05 
408 1768.99 4.12255e-10 -6.84211e-05 
409 1768.68 4.06663e-10 -7.57541e-05 
410 1768.75 4.01082e-10 -8.29257e-05 
411 1769.21 3.95512e-10 -8.99355e-05 
412 1770.03 3.89954e-10 -9.67832e-05 
413 1771.23 3.84409e-10 -0.000103468 
414 1772.8 3.78878e-10 -0.000109991 
415 1774.74 3.73363e-10 -0.000116351 
416 1777.03 3.67865e-10 -0.000122548 
417 1779.68 3.62384e-10 -0.000128582 
418 1782.67 3.56921e-10 -0.000134453 
419 1786.01 3.51479e-10 -0.00014016 
420 1789.7 3.46057e-10 -0.000145704 
421 1793.71 3.40658e-10 -0.000151086 
422 1798.06 3.35281e-10 -0.000156304 
423 1802.73 3.29929e-10 -0.000161359 
424 1807.72 3.24603e-10 -0.000166252 
425 1813.02 3.19303e-10 -0.000170982 
426 1818.63 3.14031e-10 -0.00017555 
427 1824.54 3.08788e-10 -0.000179956 
428 1830.74 3.03575e-10 -0.0001842 
429 1837.22 2.98393e-10 -0.000188283 
430 1843.99 2.93244e-10 -0.000192206 
431 1851.03 2.88129e-10 -0.000195968 
432 1858.34 2.83048e-10 -0.00019957 
433 1865.9 2.78004e-10 -0.000203013 
434 1873.71 2.72998e-10 -0.000206297 
435 1881.77 2.6803e-10 -0.000209424 
436 1890.06 2.63102e-10 -0.000212393 
437 1898.58 2.58216e-10 -0.000215205 
438 1907.32 2.53372e-10 -0.000217862 
439 1916.27 2.48571e-10 -0.000220364 
440 1925.42 2.43816e-10 -0.000222712 
441 1934.76 2.39108e-10 -0.000224907 
442 1944.29 2.34447e-10 -0.000226949 
443 1953.99 2.29835e-10 -0.000228841 
444 1963.86 2.25273e-10 -0.000230583 
445 1973.88 2.20764e-10 -0.000232176 
446 1984.04 2.16307e-10 -0.000233621 
447 1994.34 2.11905e-10 -0.000234919 
448 2004.77 2.07558e-10 -0.000236072 
449 2015.31 2.03269e-10 -0.000237082 
450 2025.95 1.99038e-10 -0.000237949 
451 2036.69 1.94867e-10 -0.000238675 
452 2047.52 1.90757e-10 -0.00023926 
453 2058.43 1.86706e-10 -0.000239708 
454 2069.42 1.82716e-10 -0.000240017 
455 2080.49 1.78787e-10 -0.000240191 
456 2091.63 1.74919e-10 -0.00024023 
457 2102.84 1.71112e-10 -0.000240135 
458 2114.11 1.67366e-10 -0.000239909 
459 2125.44 1.63681e-10 -0.000239552 
460 2136.82 1.60057e-10 -0.000239066 
461 2148.26 1.56496e-10 -0.000238453 
462 2159.74 1.52995e-10 -0.000237714 
463 2171.25 1.49557e-10 -0.000236852 
464 2182.81 1.4618e-10 -0.000235867 
465 2194.39 1.42865e-10 -0.000234762 
466 2206 1.39611e-10 -0.000233538 
467 2217.62 1.3642e-10 -0.000232198 
468 2229.26 1.3329e-10 -0.000230743 
469 2240.91 1.30222e-10 -0.000229175 
470 2252.56 1.27216e-10 -0.000227497 
471 2264.21 1.24272e-10 -0.000225709 
472 2275.85 1.21389e-10 -0.000223816 
473 2287.48 1.18568e-10 -0.000221818 
474 2299.08 1.15809e-10 -0.000219719 
475 2310.66 1.13111e-10 -0.000217519 
476 2322.21 1.10475e-10 -0.000215223 
477 2333.72 1.079e-10 -0.000212831 
478 2345.19 1.05386e-10 -0.000210347 
479 2356.6 1.02933e-10 -0.000207773 
480 2367.96 1.0054e-10 -0.000205112 
481 2379.25 9.82089e-11 -0.000202365 
482 2390.48 9.59378e-11 -0.000199537 
483 2401.62 9.3727e-11 -0.00019663 
484 2412.68 9.15762e-11 -0.000193646 
485 2423.66 8.94852e-11 -0.000190588 
486 2434.53 8.74538e-11 -0.00018746 
487 2445.3 8.54816e-11 -0.000184263 
488 2455.96 8.35684e-11 -0.000181002 
489 2466.49 8.1714e-11 -0.00017768 
490 2476.9 7.99179e-11 -0.000174298 
491 2487.18 7.81799e-11 -0.000170861 
492 2497.32 7.64996e-11 -0.000167372 
493 2507.3 7.48767e-11 -0.000163834 
494 2517.13 7.33107e-11 -0.000160251 
495 2526.79 7.18014e-11 -0.000156625 
496 2536.28 7.03482e-11 -0.000152961 
497 2545.59 6.89508e-11 -0.000149262 
498 2554.71 6.76086e-11 -0.000145531 
499 2563.63 6.63214e-11 -0.000141772 
500 2572.34 6.50885e-11 -0.000137989 
501 2580.84 6.39096e-11 -0.000134186 
502 2589.13 6.27841e-11 -0.000130363 
503 2597.19 6.17118e-11 -0.000126522 
504 2605.05 6.06921e-11 -0.000122666 
505 2612.68 5.97248e-11 -0.000118794 
506 2620.09 5.88092e-11 -0.000114909 
507 2627.29 5.79451e-11 -0.000111011 
508 2634.26 5.71319e-11 -0.000107103 
509 2641.02 5.6369e-11 -0.000103185 
510 2647.55 5.56561e-11 -9.92599e-05 
511 2653.86 5.49926e-11 -9.53283e-05 
512 2659.95 5.43779e-11 -9.13919e-05 
513 2665.81 5.38116e-11 -8.74523e-05 
514 2671.45 5.3293e-11 -8.35111e-05 
515 2676.87 5.28216e-11 -7.95699e-05 
516 2682.06 5.23967e-11 -7.56302e-05 
517 2687.03 5.20178e-11 -7.16937e-05 
518 2691.76 5.16842e-11 -6.77621e-05 
519 2696.28 5.13952e-11 -6.3837e-05 
520 2700.56 5.11503e-11 -5.99202e-05 
521 2704.62 5.09488e-11 -5.60133e-05 
522 2708.45 5.07898e-11 -5.21182e-05 
523 2712.06 5.06728e-11 -4.82366e-05 
524 2715.43 5.0597e-11 -4.43702e-05 
525 2718.58 5.05616e-11 -4.05209e-05 
526 2721.49 5.05659e-11 -3.66906e-05 
527 2724.18 5.06091e-11 -3.28811e-05 
528 2726.64 5.06905e-11 -2.90943e-05 
529 2728.86 5.08091e-11 -2.5332e-05 
530 2730.86 5.09642e-11 -2.15963e-05 
531 2732.63 5.11549e-11 -1.78891e-05 
532 2734.17 5.13803e-11 -1.42123e-05 
533 2735.47 5.16396e-11 -1.0568e-05 
534 2736.55 5.19319e-11 -6.95821e-06 
535 2737.39 5.22562e-11 -3.38495e-06 
536 2738 5.26116e-11 1.49685e-07 
537 2738.38 5.29972e-11 3.6436e-06 
538 2738.54 5.34119e-11 7.09468e-06 
539 2738.46 5.38548e-11 1.05008e-05 
540 2738.14 5.43249e-11 1.38597e-05 
541 2737.6 5.48212e-11 1.71693e-05 
542 2736.83 5.53426e-11 2.04272e-05 
543 2735.83 5.58879e-11 2.36314e-05 
544 2734.59 5.64563e-11 2.67795e-05 
545 2733.13 5.70465e-11 2.98692e-05 
546 2731.43 5.76574e-11 3.28981e-05 
547 2729.51 5.8288e-11 3.5864e-05 
548 2727.35 5.89369e-11 3.87645e-05 
549 2724.96 5.96032e-11 4.15972e-05 
550 2722.35 6.02855e-11 4.43596e-05 
551 2719.51 6.09827e-11 4.70497e-05 
552 2716.44 6.16944e-11 4.9667e-05 
553 2713.15 6.24202e-11 5.22112e-05 
554 2709.63 6.31594e-11 5.46824e-05 
555 2705.9 6.39118e-11 5.70802e-05 
556 2701.96 6.46769e-11 5.94047e-05 
557 2697.81 6.54542e-11 6.16557e-05 
558 2693.45 6.62433e-11 6.3833e-05 
559 2688.89 6.70436e-11 6.59367e-05 
560 2684.13 6.78547e-11 6.79665e-05 
561 2679.17 6.86762e-11 6.99224e-05 
562 2674.02 6.95074e-11 7.18044e-05 
563 2668.68 7.0348e-11 7.36124e-05 
564 2663.15 7.11973e-11 7.53462e-05 
565 2657.44 7.2055e-11 7.70059e-05 
566 2651.56 7.29203e-11 7.85914e-05 
567 2645.5 7.37929e-11 8.01028e-05 
568 2639.28 7.46722e-11 8.15398e-05 
569 2632.89 7.55575e-11 8.29026e-05 
570 2626.34 7.64485e-11 8.41912e-05 
571 2619.63 7.73444e-11 8.54055e-05 
572 2612.77 7.82447e-11 8.65455e-05 
573 2605.76 7.91488e-11 8.76113e-05 
574 2598.61 8.00561e-11 8.8603e-05 
575 2591.32 8.09661e-11 8.95204e-05 
576 2583.89 8.18781e-11 9.03638e-05 
577 2576.34 8.27915e-11 9.1133e-05 
578 2568.66 8.37057e-11 9.18283e-05 
579 2560.86 8.462e-11 9.24497e-05 
580 2552.95 8.55337e-11 9.29972e-05 
581 2544.93 8.64464e-11 9.3471e-05 
582 2536.8 8.73571e-11 9.38712e-05 
583 2528.58 8.82654e-11 9.41978e-05 
584 2520.26 8.91706e-11 9.4451e-05 
585 2511.85 9.00718e-11 9.4631e-05 
586 2503.35 9.09685e-11 9.47378e-05 
587 2494.78 9.186e-11 9.47716e-05 
588 2486.14 9.27455e-11 9.47326e-05 
589 2477.43 9.36242e-11 9.46209e-05 
590 2468.66 9.44956e-11 9.44368e-05 
591 2459.83 9.53588e-11 9.41804e-05 
592 2450.95 9.6213e-11 9.38518e-05 
593 2442.03 9.70576e-11 9.34515e-05 
594 2433.08 9.78918e-11 9.29794e-05 
595 2424.09 9.87147e-11 9.24359e-05 
596 2415.07 9.95256e-11 9.18212e-05 
597 2406.04 1.00324e-10 9.11356e-05 
598 2396.99 1.01108e-10 9.03793e-05 
599 2387.94 1.01878e-10 8.95526e-05 
600 2378.89 1.02633e-10 8.86558e-05 
601 2369.84 1.03372e-10 8.76892e-05 
602 2360.8 1.04095e-10 8.66536e-05 
603 2351.78 1.04802e-10 8.555e-05 
604 2342.77 1.05492e-10 8.43792e-05 
605 2333.78 1.06165e-10 8.31422e-05 
606 2324.82 1.06823e-10 8.184e-05 
607 2315.88 1.07463e-10 8.04734e-05 
608 2306.97 1.08087e-10 7.90436e-05 
609 2298.1 1.08694e-10 7.75514e-05 
610 2289.26 1.09285e-10 7.5998e-05 
611 2280.46 1.09858e-10 7.43843e-05 
612 2271.71 1.10414e-10 7.27114e-05 
613 2263 1.10953e-10 7.09805e-05 
614 2254.35 1.11475e-10 6.91926e-05 
615 2245.75 1.1198e-10 6.73488e-05 
616 2237.21 1.12467e-10 6.54504e-05 
617 2228.73 1.12936e-10 6.34983e-05 
618 2220.31 1.13388e-10 6.14939e-05 
619 2211.97 1.13823e-10 5.94382e-05 
620 2203.7 1.1424e-10 5.73327e-05 
621 2195.51 1.14638e-10 5.51783e-05 
622 2187.4 1.15019e-10 5.29765e-05 
623 2179.38 1.15382e-10 5.07285e-05 
624 2171.44 1.15727e-10 4.84357e-05 
625 2163.6 1.16054e-10 4.60992e-05 
626 2155.86 1.16363e-10 4.37205e-05 
627 2148.22 1.16653e-10 4.13009e-05 
628 2140.68 1.16925e-10 3.88418e-05 
629 2133.26 1.17179e-10 3.63445e-05 
630 2125.95 1.17414e-10 3.38106e-05 
631 2118.75 1.1763e-10 3.12415e-05 
632 2111.69 1.17828e-10 2.86385e-05 
633 2104.75 1.18007e-10 2.60032e-05 
634 2097.94 1.18168e-10 2.33371e-05 
635 2091.27 1.18309e-10 2.06417e-05 
636 2084.74 1.18432e-10 1.79185e-05 
637 2078.35 1.18535e-10 1.51692e-05 
638 2072.12 1.1862e-10 1.23953e-05 
639 2066.03 1.18685e-10 9.59832e-06 
640 2060.11 1.18731e-10 6.78001e-06 
641 2054.36 1.18758e-10 3.94197e-06 
642 2048.77 1.18765e-10 1.08588e-06 
643 2043.35 1.18753e-10 -1.78657e-06 
644 2038.12 1.18722e-10 -4.67368e-06 
645 2033.06 1.18671e-10 -7.5737e-06 
646 2028.2 1.186e-10 -1.04849e-05 
647 2023.53 1.1851e-10 -1.34054e-05 
648 2019.05 1.184e-10 -1.63336e-05 
649 2014.78 1.1827e-10 -1.92675e-05 
650 2010.72 1.18121e-10 -2.22053e-05 
651 2006.87 1.17951e-10 -2.51454e-05 
652 2003.23 1.17762e-10 -2.80866e-05 
653 1999.81 1.17554e-10 -3.10281e-05 
654 1996.6 1.17326e-10 -3.39691e-05 
655 1993.6 1.17079e-10 -3.69086e-05 
656 1990.82 1.16813e-10 -3.98456e-05 
657 1988.24 1.16528e-10 -4.27794e-05 
658 1985.88 1.16225e-10 -4.5709e-05 
659 1983.74 1.15903e-10 -4.86334e-05 
660 1981.8 1.15564e-10 -5.15516e-05 
661 1980.07 1.15206e-10 -5.44628e-05 
662 1978.56 1.14831e-10 -5.7366e-05 
663 1977.26 1.14439e-10 -6.02601e-05 
664 1976.16 1.14029e-10 -6.31442e-05 
665 1975.28 1.13603e-10 -6.60173e-05 
666 1974.61 1.1316e-10 -6.88784e-05 
667 1974.14 1.127e-10 -7.17264e-05 
668 1973.89 1.12224e-10 -7.45604e-05 
669 1973.84 1.11733e-10 -7.73793e-05 
670 1974 1.11225e-10 -8.0182e-05 
671 1974.37 1.10703e-10 -8.29676e-05 
672 1974.95 1.10165e-10 -8.57348e-05 
673 1975.73 1.09612e-10 -8.84826e-05 
674 1976.71 1.09045e-10 -9.121e-05 
675 1977.91 1.08463e-10 -9.39159e-05 
676 1979.3 1.07868e-10 -9.6599e-05 
677 1980.9 1.07259e-10 -9.92584e-05 
678 1982.7 1.06636e-10 -0.000101893 
679 1984.71 1.06e-10 -0.000104501 
680 1986.92 1.05351e-10 -0.000107082 
681 1989.32 1.0469e-10 -0.000109635 
682 1991.93 1.04017e-10 -0.000112158 
683 1994.74 1.03331e-10 -0.00011465 
684 1997.74 1.02634e-10 -0.000117111 
685 2000.94 1.01926e-10 -0.000119538 
686 2004.34 1.01207e-10 -0.000121931 
687 2007.94 1.00477e-10 -0.000124288 
688 2011.73 9.97374e-11 -0.000126608 
689 2015.71 9.89875e-11 -0.00012889 
690 2019.89 9.82281e-11 -0.000131133 
691 2024.25 9.74594e-11 -0.000133335 
692 2028.81 9.66818e-11 -0.000135495 
693 2033.56 9.58957e-11 -0.000137612 
694 2038.49 9.51015e-11 -0.000139684 
695 2043.62 9.42994e-11 -0.00014171 
696 2048.93 9.349e-11 -0.000143689 
697 2054.42 9.26736e-11 -0.00014562 
698 2060.1 9.18505e-11 -0.0001475 
699 2065.96 9.10211e-11 -0.000149329 
700 2072 9.01859e-11 -0.000151106 
701 2078.22 8.93451e-11 -0.000152829 
702 2084.62 8.84991e-11 -0.000154497 
703 2091.2 8.76481e-11 -0.000156111 
704 2097.94 8.67922e-11 -0.000157672 
705 2104.85 8.59318e-11 -0.000159177 
706 2111.92 8.5067e-11 -0.000160629 
707 2119.15 8.41981e-11 -0.000162026 
708 2126.54 8.33254e-11 -0.000163369 
709 2134.08 8.24489e-11 -0.000164658 
710 2141.77 8.15691e-11 -0.000165892 
711 2149.61 8.06861e-11 -0.000167071 
712 2157.59 7.98002e-11 -0.000168197 
713 2165.7 7.89116e-11 -0.000169267 
714 2173.95 7.80206e-11 -0.000170284 
715 2182.33 7.71274e-11 -0.000171245 
716 2190.84 7.62323e-11 -0.000172153 
717 2199.47 7.53356e-11 -0.000173006 
718 2208.21 7.44375e-11 -0.000173804 
719 2217.08 7.35382e-11 -0.000174548 
720 2226.05 7.26381e-11 -0.000175238 
721 2235.12 7.17375e-11 -0.000175873 
722 2244.3 7.08365e-11 -0.000176454 
723 2253.58 6.99355e-11 -0.000176981 
724 2262.95 6.90347e-11 -0.000177453 
725 2272.41 6.81345e-11 -0.000177871 
726 2281.95 6.7235e-11 -0.000178235 
727 2291.57 6.63367e-11 -0.000178545 
728 2301.27 6.54398e-11 -0.000178801 
729 2311.03 6.45445e-11 -0.000179002 
730 2320.87 6.36513e-11 -0.00017915 
731 2330.76 6.27603e-11 -0.000179244 
732 2340.71 6.18719e-11 -0.000179283 
733 2350.71 6.09864e-11 -0.00017927 
734 2360.76 6.0104e-11 -0.000179202 
735 2370.85 5.92252e-11 -0.000179081 
736 2380.97 5.83502e-11 -0.000178906 
737 2391.13 5.74793e-11 -0.000178678 
738 2401.31 5.66129e-11 -0.000178396 
739 2411.52 5.57513e-11 -0.000178061 
740 2421.74 5.48947e-11 -0.000177674 
741 2431.97 5.40436e-11 -0.000177233 
742 2442.2 5.31983e-11 -0.000176739 
743 2452.44 5.2359e-11 -0.000176192 
744 2462.67 5.15262e-11 -0.000175593 
745 2472.89 5.07002e-11 -0.000174941 
746 2483.09 4.98812e-11 -0.000174237 
747 2493.27 4.90698e-11 -0.00017348 
748 2503.42 4.82661e-11 -0.000172672 
749 2513.54 4.74706e-11 -0.000171811 
750 2523.62 4.66836e-11 -0.000170899 
751 2533.65 4.59055e-11 -0.000169935 
752 2543.64 4.51363e-11 -0.00016892 
753 2553.57 4.43761e-11 -0.000167854 
754 2563.45 4.36249e-11 -0.000166739 
755 2573.27 4.28828e-11 -0.000165575 
756 2583.03 4.21499e-11 -0.000164363 
757 2592.72 4.14262e-11 -0.000163103 
758 2602.35 4.07118e-11 -0.000161796 
759 2611.91 4.00067e-11 -0.000160443 
760 2621.39 3.9311e-11 -0.000159044 
761 2630.8 3.86247e-11 -0.000157601 
762 2640.13 3.79479e-11 -0.000156114 
763 2649.37 3.72807e-11 -0.000154584 
764 2658.52 3.6623e-11 -0.000153011 
765 2667.59 3.5975e-11 -0.000151397 
766 2676.56 3.53368e-11 -0.000149742 
767 2685.43 3.47082e-11 -0.000148047 
768 2694.2 3.40895e-11 -0.000146312 
769 2702.87 3.34807e-11 -0.00014454 
770 2711.43 3.28818e-11 -0.00014273 
771 2719.88 3.22928e-11 -0.000140883 
772 2728.21 3.17139e-11 -0.000139 
773 2736.42 3.11451e-11 -0.000137083 
774 2744.51 3.05864e-11 -0.000135131 
775 2752.47 3.00378e-11 -0.000133146 
776 2760.31 2.94995e-11 -0.000131129 
777 2768.01 2.89716e-11 -0.000129081 
778 2775.57 2.84539e-11 -0.000127002 
779 2782.99 2.79466e-11 -0.000124894 
780 2790.26 2.74498e-11 -0.000122757 
781 2797.39 2.69635e-11 -0.000120592 
782 2804.36 2.64877e-11 -0.000118401 
783 2811.18 2.60226e-11 -0.000116184 
784 2817.83 2.5568e-11 -0.000113943 
785 2824.32 2.51242e-11 -0.000111678 
786 2830.64 2.46911e-11 -0.00010939 
787 2836.78 2.42688e-11 -0.000107081 
788 2842.75 2.38574e-11 -0.000104751 
789 2848.54 2.34568e-11 -0.000102402 
790 2854.14 2.30672e-11 -0.000100034 
791 2859.55 2.26886e-11 -9.7649e-05 
792 2864.77 2.23211e-11 -9.52474e-05 
793 2869.78 2.19646e-11 -9.28306e-05 
794 2874.6 2.16193e-11 -9.03997e-05 
795 2879.21 2.12851e-11 -8.79558e-05 
796 2883.61 2.09622e-11 -8.55e-05 
797 2887.79 2.06506e-11 -8.30334e-05 
798 2891.75 2.03503e-11 -8.05573e-05 
799 2895.48 2.00614e-11 -7.80727e-05 
800 2898.99 1.97839e-11 -7.55809e-05 
801 2902.27 1.95179e-11 -7.30829e-05 
802 2905.31 1.92632e-11 -7.05795e-05 
803 2908.11 1.90199e-11 -6.80713e-05 
804 2910.69 1.87877e-11 -6.5559e-05 
805 2913.03 1.85666e-11 -6.30434e-05 
806 2915.13 1.83565e-11 -6.0525e-05 
807 2917.01 1.81573e-11 -5.80045e-05 
808 2918.65 1.79688e-11 -5.54828e-05 
809 2920.06 1.77911e-11 -5.29604e-05 
810 2921.24 1.76239e-11 -5.04381e-05 
811 2922.18 1.74672e-11 -4.79166e-05 
812 2922.9 1.73208e-11 -4.53966e-05 
813 2923.38 1.71847e-11 -4.28788e-05 
814 2923.63 1.70587e-11 -4.03641e-05 
815 2923.65 1.69427e-11 -3.7853e-05 
816 2923.44 1.68367e-11 -3.53465e-05 
817 2923 1.67404e-11 -3.28452e-05 
818 2922.33 1.66537e-11 -3.03498e-05 
819 2921.43 1.65766e-11 -2.78613e-05 
820 2920.31 1.65089e-11 -2.53803e-05 
821 2918.95 1.64505e-11 -2.29076e-05 
822 2917.37 1.64013e-11 -2.0444e-05 
823 2915.55 1.6361e-11 -1.79903e-05 
824 2913.52 1.63297e-11 -1.55474e-05 
825 2911.25 1.63072e-11 -1.3116e-05 
826 2908.76 1.62933e-11 -1.06969e-05 
827 2906.04 1.62879e-11 -8.29103e-06 
828 2903.1 1.62908e-11 -5.89914e-06 
829 2899.93 1.6302e-11 -3.52208e-06 
830 2896.54 1.63212e-11 -1.16072e-06 
831 2892.92 1.63484e-11 1.18412e-06 
832 2889.08 1.63834e-11 3.51155e-06 
833 2885.02 1.6426e-11 5.82072e-06 
834 2880.74 1.64761e-11 8.11076e-06 
835 2876.23 1.65336e-11 1.03808e-05 
836 2871.51 1.65982e-11 1.26299e-05 
837 2866.56 1.66699e-11 1.48572e-05 
838 2861.4 1.67485e-11 1.70618e-05 
839 2856.02 1.68338e-11 1.92429e-05 
840 2850.42 1.69257e-11 2.13993e-05 
841 2844.6 1.70239e-11 2.35304e-05 
842 2838.56 1.71284e-11 2.56351e-05 
843 2832.31 1.7239e-11 2.77124e-05 
844 2825.85 1.73555e-11 2.97615e-05 
845 2819.17 1.74778e-11 3.17814e-05 
846 2812.28 1.76056e-11 3.37711e-05 
847 2805.17 1.77388e-11 3.57297e-05 
848 2797.85 1.78772e-11 3.76562e-05 
849 2790.33 1.80207e-11 3.95495e-05 
850 2782.59 1.81691e-11 4.14089e-05 
851 2774.64 1.83221e-11 4.32332e-05 
852 2766.49 1.84797e-11 4.50224e-05 
853 2758.13 1.86418e-11 4.67764e-05 
854 2749.58 1.88081e-11 4.84949e-05 
855 2740.82 1.89787e-11 5.0178e-05 
856 2731.88 1.91533e-11 5.18254e-05 
857 2722.74 1.93319e-11 5.34372e-05 
858 2713.42 1.95143e-11 5.50132e-05 
859 2703.91 1.97004e-11 5.65534e-05 
860 2694.22 1.989e-11 5.80575e-05 
861 2684.35 2.0083e-11 5.95256e-05 
862 2674.31 2.02793e-11 6.09575e-05 
863 2664.1 2.04788e-11 6.23531e-05 
864 2653.72 2.06812e-11 6.37124e-05 
865 2643.18 2.08866e-11 6.50353e-05 
866 2632.47 2.10946e-11 6.63216e-05 
867 2621.61 2.13053e-11 6.75713e-05 
868 2610.6 2.15183e-11 6.87843e-05 
869 2599.44 2.17337e-11 6.99605e-05 
870 2588.13 2.19512e-11 7.10998e-05 
871 2576.68 2.21708e-11 7.22022e-05 
872 2565.09 2.23921e-11 7.32675e-05 
873 2553.37 2.26152e-11 7.42957e-05 
874 2541.51 2.28399e-11 7.52866e-05 
875 2529.53 2.30659e-11 7.62403e-05 
876 2517.43 2.32932e-11 7.71566e-05 
877 2505.2 2.35215e-11 7.80355e-05 
878 2492.86 2.37508e-11 7.88769e-05 
879 2480.41 2.39809e-11 7.96806e-05 
880 2467.86 2.42115e-11 8.04467e-05 
881 2455.2 2.44427e-11 8.11751e-05 
882 2442.44 2.46741e-11 8.18656e-05 
883 2429.59 2.49056e-11 8.25183e-05 
884 2416.64 2.51371e-11 8.3133e-05 
885 2403.61 2.53683e-11 8.37097e-05 
886 2390.5 2.55992e-11 8.42482e-05 
887 2377.31 2.58295e-11 8.47487e-05 
888 2364.05 2.60591e-11 8.52109e-05 
889 2350.72 2.62878e-11 8.56349e-05 
890 2337.33 2.65154e-11 8.60205e-05 
891 2323.87 2.67417e-11 8.63677e-05 
892 2310.36 2.69666e-11 8.66765e-05 
893 2296.8 2.71899e-11 8.69467e-05 
894 2283.2 2.74115e-11 8.71784e-05 
895 2269.55 2.7631e-11 8.73714e-05 
896 2255.87 2.78484e-11 8.75258e-05 
897 2242.15 2.80634e-11 8.76414e-05 
898 2228.41 2.82759e-11 8.77182e-05 
899 2214.64 2.84856e-11 8.77562e-05 
900 2200.86 2.86925e-11 8.77553e-05 
901 2187.07 2.88962e-11 8.77156e-05 
902 2173.26 2.90968e-11 8.76373e-05 
903 2159.45 2.92942e-11 8.75209e-05 
904 2145.64 2.94884e-11 8.73669e-05 
905 2131.82 2.96794e-11 8.71757e-05 
906 2118.01 2.9867e-11 8.69476e-05 
907 2104.21 3.00513e-11 8.66832e-05 
908 2090.41 3.02321e-11 8.6383e-05 
909 2076.62 3.04096e-11 8.60473e-05 
910 2062.85 3.05836e-11 8.56766e-05 
911 2049.1 3.0754e-11 8.52714e-05 
912 2035.37 3.0921e-11 8.48322e-05 
913 2021.67 3.10843e-11 8.43595e-05 
914 2007.99 3.1244e-11 8.38537e-05 
915 1994.35 3.14e-11 8.33153e-05 
916 1980.73 3.15523e-11 8.27449e-05 
917 1967.16 3.17008e-11 8.21428e-05 
918 1953.63 3.18455e-11 8.15097e-05 
919 1940.14 3.19864e-11 8.08461e-05 
920 1926.71 3.21234e-11 8.01524e-05 
921 1913.32 3.22564e-11 7.94292e-05 
922 1899.99 3.23855e-11 7.8677e-05 
923 1886.71 3.25106e-11 7.78964e-05 
924 1873.5 3.26315e-11 7.70878e-05 
925 1860.36 3.27484e-11 7.6252e-05 
926 1847.28 3.28611e-11 7.53893e-05 
927 1834.28 3.29697e-11 7.45003e-05 
928 1821.35 3.3074e-11 7.35857e-05 
929 1808.5 3.3174e-11 7.2646e-05 
930 1795.74 3.32696e-11 7.16818e-05 
931 1783.06 3.33609e-11 7.06936e-05 
932 1770.48 3.34478e-11 6.9682e-05 
933 1757.99 3.35302e-11 6.86477e-05 
934 1745.6 3.36081e-11 6.75912e-05 
935 1733.31 3.36814e-11 6.65132e-05 
936 1721.13 3.37502e-11 6.54142e-05 
937 1709.05 3.38143e-11 6.42949e-05 
938 1697.1 3.38736e-11 6.31559e-05 
939 1685.26 3.39283e-11 6.19978e-05 
940 1673.54 3.39781e-11 6.08213e-05 
941 1661.95 3.40231e-11 5.9627e-05 
942 1650.48 3.40633e-11 5.84156e-05 
943 1639.16 3.40985e-11 5.71876e-05 
944 1627.96 3.41287e-11 5.59438e-05 
945 1616.92 3.41538e-11 5.46849e-05 
946 1606.01 3.4174e-11 5.34115e-05 
947 1595.26 3.41889e-11 5.21242e-05 
948 1584.66 3.41987e-11 5.08239e-05 
949 1574.23 3.42033e-11 4.95111e-05 
950 1563.95 3.42026e-11 4.81866e-05 
951 1553.84 3.41966e-11 4.6851e-05 
952 1543.9 3.41854e-11 4.55048e-05 
953 1534.12 3.41689e-11 4.41485e-05 
954 1524.52 3.41472e-11 4.27827e-05 
955 1515.08 3.41203e-11 4.14077e-05 
956 1505.81 3.40884e-11 4.0024e-05 
957 1496.71 3.40513e-11 3.86322e-05 
958 1487.78 3.40093e-11 3.72327e-05 
959 1479.02 3.39623e-11 3.58261e-05 
960 1470.43 3.39104e-11 3.44128e-05 
961 1462.01 3.38535e-11 3.29933e-05 
962 1453.77 3.37919e-11 3.15682e-05 
963 1445.69 3.37255e-11 3.0138e-05 
964 1437.78 3.36543e-11 2.87032e-05 
965 1430.05 3.35785e-11 2.72642e-05 
966 1422.49 3.3498e-11 2.58217e-05 
967 1415.1 3.34129e-11 2.43762e-05 
968 1407.89 3.33233e-11 2.29282e-05 
969 1400.84 3.32292e-11 2.14783e-05 
970 1393.97 3.31307e-11 2.00269e-05 
971 1387.28 3.30278e-11 1.85747e-05 
972 1380.76 3.29206e-11 1.71222e-05 
973 1374.41 3.28091e-11 1.567e-05 
974 1368.24 3.26934e-11 1.42186e-05 
975 1362.24 3.25736e-11 1.27686e-05 
976 1356.41 3.24496e-11 1.13205e-05 
977 1350.77 3.23216e-11 9.87504e-06 
978 1345.29 3.21895e-11 8.43268e-06 
979 1340 3.20536e-11 6.99403e-06 
980 1334.88 3.19137e-11 5.55969e-06 
981 1329.93 3.17701e-11 4.13025e-06 
982 1325.16 3.16227e-11 2.70631e-06 
983 1320.57 3.14716e-11 1.28848e-06 
984 1316.15 3.13168e-11 -1.22646e-07 
985 1311.92 3.11585e-11 -1.52644e-06 
986 1307.85 3.09966e-11 -2.92229e-06 
987 1303.97 3.08313e-11 -4.30956e-06 
988 1300.26 3.06626e-11 -5.68765e-06 
989 1296.74 3.04906e-11 -7.0559e-06 
990 1293.39 3.03153e-11 -8.41369e-06 
991 1290.21 3.01368e-11 -9.76038e-06 
992 1287.22 2.99551e-11 -1.10953e-05 
993 1284.4 2.97704e-11 -1.24178e-05 
994 1281.77 2.95827e-11 -1.37273e-05 
995 1279.31 2.93921e-11 -1.50231e-05 
996 1277.03 2.91986e-11 -1.63044e-05 
997 1274.93 2.90023e-11 -1.75708e-05 
998 1273.01 2.88032e-11 -1.88214e-05 
999 1271.26 2.86015e-11 -2.00555e-05 
1000 1269.7 2.83972e-11 -2.12726e-05 
1001 1268.32 2.81904e-11 -2.24721e-05 
1002 1267.11 2.79811e-11 -2.36536e-05 
1003 1266.08 2.77695e-11 -2.48171e-05 
1004 1265.22 2.75555e-11 -2.59625e-05 
1005 1264.53 2.73393e-11 -2.70896e-05 
1006 1264.01 2.71209e-11 -2.81983e-05 
1007 1263.66 2.69005e-11 -2.92886e-05 
1008 1263.47 2.6678e-11 -3.03603e-05 
1009 1263.45 2.64535e-11 -3.14132e-05 
1010 1263.58 2.62271e-11 -3.24472e-05 
1011 1263.87 2.5999e-11 -3.34623e-05 
1012 1264.32 2.57691e-11 -3.44583e-05 
1013 1264.91 2.55376e-11 -3.54351e-05 
1014 1265.66 2.53044e-11 -3.63926e-05 
1015 1266.56 2.50698e-11 -3.73306e-05 
1016 1267.6 2.48337e-11 -3.8249e-05 
1017 1268.78 2.45963e-11 -3.91477e-05 
1018 1270.1 2.43576e-11 -4.00266e-05 
1019 1271.56 2.41177e-11 -4.08856e-05 
1020 1273.16 2.38767e-11 -4.17245e-05 
1021 1274.88 2.36347e-11 -4.25432e-05 
1022 1276.74 2.33917e-11 -4.33416e-05 
1023 1278.72 2.31478e-11 -4.41196e-05 
1024 1280.83 2.29032e-11 -4.4877e-05 
1025 1283.06 2.26578e-11 -4.56137e-05 
1026 1285.41 2.24118e-11 -4.63297e-05 
1027 1287.88 2.21653e-11 -4.70247e-05 
1028 1290.46 2.19183e-11 -4.76987e-05 
1029 1293.15 2.16709e-11 -4.83514e-05 
1030 1295.95 2.14233e-11 -4.89829e-05 
1031 1298.85 2.11755e-11 -4.9593e-05 
1032 1301.85 2.09275e-11 -5.01815e-05 
1033 1304.96 2.06796e-11 -5.07484e-05 
1034 1308.16 2.04317e-11 -5.12935e-05 
1035 1311.46 2.01839e-11 -5.18166e-05 
1036 1314.84 1.99365e-11 -5.23177e-05 
1037 1318.31 1.96893e-11 -5.27966e-05 
1038 1321.87 1.94426e-11 -5.32533e-05 
1039 1325.51 1.91964e-11 -5.36875e-05 
1040 1329.23 1.89508e-11 -5.40991e-05 
1041 1333.02 1.87059e-11 -5.44881e-05 
1042 1336.88 1.84618e-11 -5.48543e-05 
1043 1340.82 1.82186e-11 -5.51976e-05 
1044 1344.82 1.79764e-11 -5.55178e-05 
1045 1348.88 1.77353e-11 -5.58148e-05 
1046 1353 1.74954e-11 -5.60886e-05 
1047 1357.18 1.72568e-11 -5.63389e-05 
1048 1361.41 1.70195e-11 -5.65656e-05 
1049 1365.69 1.67837e-11 -5.67686e-05 
1050 1370.02 1.65495e-11 -5.69478e-05 
1051 1374.38 1.6317e-11 -5.71032e-05 
1052 1378.79 1.60861e-11 -5.72348e-05 
1053 1383.24 1.5857e-11 -5.73429e-05 
1054 1387.73 1.56297e-11 -5.74279e-05 
1055 1392.24 1.54041e-11 -5.74898e-05 
1056 1396.79 1.51804e-11 -5.75289e-05 
1057 1401.36 1.49585e-11 -5.75455e-05 
1058 1405.97 1.47384e-11 -5.75399e-05 
1059 1410.59 1.45203e-11 -5.75122e-05 
1060 1415.23 1.4304e-11 -5.74628e-05 
1061 1419.9 1.40897e-11 -5.73918e-05 
1062 1424.58 1.38774e-11 -5.72996e-05 
1063 1429.27 1.36671e-11 -5.71864e-05 
1064 1433.97 1.34588e-11 -5.70525e-05 
1065 1438.68 1.32526e-11 -5.68981e-05 
1066 1443.39 1.30485e-11 -5.67235e-05 
1067 1448.11 1.28464e-11 -5.6529e-05 
1068 1452.82 1.26465e-11 -5.63148e-05 
1069 1457.53 1.24488e-11 -5.60813e-05 
1070 1462.24 1.22533e-11 -5.58286e-05 
1071 1466.94 1.206e-11 -5.55572e-05 
1072 1471.62 1.1869e-11 -5.52672e-05 
1073 1476.29 1.16802e-11 -5.49589e-05 
1074 1480.95 1.14938e-11 -5.46327e-05 
1075 1485.58 1.13097e-11 -5.42888e-05 
1076 1490.19 1.1128e-11 -5.39276e-05 
1077 1494.78 1.09487e-11 -5.35493e-05 
1078 1499.33 1.07718e-11 -5.31542e-05 
1079 1503.86 1.05973e-11 -5.27426e-05 
1080 1508.35 1.04254e-11 -5.23149e-05 
1081 1512.8 1.0256e-11 -5.18713e-05 
1082 1517.21 1.00891e-11 -5.14122e-05 
1083 1521.58 9.92483e-12 -5.09379e-05 
1084 1525.9 9.76316e-12 -5.04486e-05 
1085 1530.18 9.60412e-12 -4.99447e-05 
1086 1534.4 9.44776e-12 -4.94266e-05 
1087 1538.56 9.2941e-12 -4.88945e-05 
1088 1542.66 9.14317e-12 -4.83488e-05 
1089 1546.7 8.99501e-12 -4.77898e-05 
1090 1550.68 8.84964e-12 -4.72179e-05 
1091 1554.59 8.7071e-12 -4.66333e-05 
1092 1558.43 8.56742e-12 -4.60365e-05 
1093 1562.19 8.43063e-12 -4.54277e-05 
1094 1565.87 8.29676e-12 -4.48073e-05 
1095 1569.47 8.16584e-12 -4.41757e-05 
1096 1572.99 8.03791e-12 -4.35332e-05 
1097 1576.42 7.913e-12 -4.28801e-05 
1098 1579.76 7.79113e-12 -4.22169e-05 
1099 1583 7.67235e-12 -4.15438e-05 
1100 1586.15 7.55668e-12 -4.08613e-05 
1101 1589.19 7.44414e-12 -4.01696e-05 
1102 1592.13 7.33474e-12 -3.94692e-05 
1103 1594.97 7.22844e-12 -3.87602e-05 
1104 1597.71 7.12523e-12 -3.80431e-05 
1105 1600.34 7.02509e-12 -3.73182e-05 
1106 1602.87 6.928e-12 -3.65857e-05 
1107 1605.3 6.83394e-12 -3.5846e-05 
1108 1607.63 6.74289e-12 -3.50994e-05 
1109 1609.85 6.65482e-12 -3.43463e-05 
1110 1611.96 6.56972e-12 -3.35869e-05 
1111 1613.98 6.48757e-12 -3.28217e-05 
1112 1615.88 6.40834e-12 -3.20508e-05 
1113 1617.68 6.33202e-12 -3.12748e-05 
1114 1619.38 6.25857e-12 -3.04938e-05 
1115 1620.97 6.18798e-12 -2.97083e-05 
1116 1622.45 6.12023e-12 -2.89186e-05 
1117 1623.83 6.05529e-12 -2.8125e-05 
1118 1625.1 5.99314e-12 -2.73279e-05 
1119 1626.26 5.93376e-12 -2.65277e-05 
1120 1627.32 5.87713e-12 -2.57246e-05 
1121 1628.27 5.82321e-12 -2.49191e-05 
1122 1629.11 5.77199e-12 -2.41115e-05 
1123 1629.84 5.72344e-12 -2.33022e-05 
1124 1630.47 5.67754e-12 -2.24915e-05 
1125 1630.98 5.63426e-12 -2.16798e-05 
1126 1631.39 5.59358e-12 -2.08675e-05 
1127 1631.68 5.55547e-12 -2.00549e-05 
1128 1631.87 5.51991e-12 -1.92425e-05 
1129 1631.95 5.48687e-12 -1.84306e-05 
1130 1631.91 5.45633e-12 -1.76195e-05 
1131 1631.77 5.42825e-12 -1.68097e-05 
1132 1631.52 5.40262e-12 -1.60015e-05 
1133 1631.15 5.37941e-12 -1.51954e-05 
1134 1630.67 5.35858e-12 -1.43917e-05 
1135 1630.08 5.34012e-12 -1.35908e-05 
1136 1629.38 5.32399e-12 -1.27931e-05 
1137 1628.57 5.31016e-12 -1.19991e-05 
1138 1627.64 5.29862e-12 -1.1209e-05 
1139 1626.6 5.28932e-12 -1.04234e-05 
1140 1625.45 5.28225e-12 -9.64256e-06 
1141 1624.19 5.27737e-12 -8.86698e-06 
1142 1622.81 5.27465e-12 -8.09704e-06 
1143 1621.32 5.27407e-12 -7.33316e-06 
1144 1619.71 5.27559e-12 -6.57575e-06 
1145 1617.99 5.27919e-12 -5.82524e-06 
1146 1616.15 5.28483e-12 -5.08204e-06 
1147 1614.2 5.29249e-12 -4.34659e-06 
1148 1612.13 5.30213e-12 -3.61931e-06 
1149 1609.95 5.31372e-12 -2.90063e-06 
1150 1607.65 5.32724e-12 -2.19099e-06 
1151 1605.24 5.34264e-12 -1.49076e-06 
1152 1602.71 5.35989e-12 -8.00105e-07 
1153 1600.07 5.37896e-12 -1.19123e-07 
1154 1597.32 5.39981e-12 5.52084e-07 
1155 1594.45 5.4224e-12 1.21341e-06 
1156 1591.48 5.44668e-12 1.86476e-06 
1157 1588.4 5.47263e-12 2.50602e-06 
1158 1585.21 5.5002e-12 3.1371e-06 
1159 1581.93 5.52935e-12 3.75788e-06 
1160 1578.53 5.56005e-12 4.36827e-06 
1161 1575.04 5.59224e-12 4.96816e-06 
1162 1571.45 5.6259e-12 5.55744e-06 
1163 1567.76 5.66099e-12 6.13601e-06 
1164 1563.97 5.69745e-12 6.70377e-06 
1165 1560.09 5.73525e-12 7.2606e-06 
1166 1556.12 5.77435e-12 7.80639e-06 
1167 1552.05 5.8147e-12 8.34105e-06 
1168 1547.9 5.85627e-12 8.86447e-06 
1169 1543.66 5.89901e-12 9.37653e-06 
1170 1539.33 5.94288e-12 9.87713e-06 
1171 1534.91 5.98783e-12 1.03662e-05 
1172 1530.42 6.03382e-12 1.08435e-05 
1173 1525.84 6.08081e-12 1.13091e-05 
1174 1521.18 6.12875e-12 1.17627e-05 
1175 1516.45 6.17759e-12 1.22044e-05 
1176 1511.64 6.2273e-12 1.26339e-05 
1177 1506.75 6.27783e-12 1.30512e-05 
1178 1501.8 6.32913e-12 1.34562e-05 
1179 1496.77 6.38116e-12 1.38486e-05 
1180 1491.67 6.43386e-12 1.42286e-05 
1181 1486.51 6.4872e-12 1.45958e-05 
1182 1481.28 6.54113e-12 1.49503e-05 
1183 1475.99 6.59559e-12 1.52918e-05 
1184 1470.64 6.65055e-12 1.56203e-05 
1185 1465.23 6.70595e-12 1.59357e-05 
1186 1459.76 6.76175e-12 1.62378e-05 
1187 1454.24 6.81789e-12 1.65266e-05 
1188 1448.66 6.87433e-12 1.68018e-05 
1189 1443.04 6.93102e-12 1.70635e-05 
1190 1437.36 6.98791e-12 1.73114e-05 
1191 1431.63 7.04494e-12 1.75456e-05 
1192 1425.86 7.10208e-12 1.77657e-05 
1193 1420.05 7.15927e-12 1.79718e-05 
1194 1414.19 7.21645e-12 1.81637e-05 
1195 1408.29 7.27358e-12 1.83413e-05 
1196 1402.36 7.3306e-12 1.85045e-05 
1197 1396.39 7.38747e-12 1.86531e-05 
1198 1390.39 7.44413e-12 1.8787e-05 
1199 1384.36 7.50052e-12 1.89062e-05 
1200 1378.29 7.5566e-12 1.90104e-05 
1201 1372.2 7.61232e-12 1.90997e-05 
1202 1366.09 7.66765e-12 1.91741e-05 
1203 1359.95 7.72258e-12 1.92337e-05 
1204 1353.79 7.77709e-12 1.92788e-05 
1205 1347.61 7.83116e-12 1.93094e-05 
1206 1341.42 7.88478e-12 1.93258e-05 
1207 1335.21 7.93792e-12 1.9328e-05 
1208 1328.98 7.99057e-12 1.93163e-05 
1209 1322.75 8.04271e-12 1.92908e-05 
1210 1316.5 8.09433e-12 1.92516e-05 
1211 1310.25 8.14539e-12 1.91989e-05 
1212 1303.99 8.1959e-12 1.91329e-05 
1213 1297.73 8.24582e-12 1.90538e-05 
1214 1291.47 8.29514e-12 1.89616e-05 
1215 1285.21 8.34385e-12 1.88567e-05 
1216 1278.95 8.39191e-12 1.8739e-05 
1217 1272.69 8.43932e-12 1.86089e-05 
1218 1266.45 8.48605e-12 1.84665e-05 
1219 1260.21 8.53208e-12 1.83119e-05 
1220 1253.98 8.57741e-12 1.81453e-05 
1221 1247.77 8.622e-12 1.79669e-05 
1222 1241.58 8.66583e-12 1.7777e-05 
1223 1235.4 8.7089e-12 1.75755e-05 
1224 1229.24 8.75117e-12 1.73628e-05 
1225 1223.1 8.79263e-12 1.7139e-05 
1226 1216.99 8.83326e-12 1.69043e-05 
1227 1210.9 8.87304e-12 1.66589e-05 
1228 1204.85 8.91195e-12 1.64029e-05 
1229 1198.82 8.94997e-12 1.61366e-05 
1230 1192.83 8.98707e-12 1.58601e-05 
1231 1186.88 9.02325e-12 1.55737e-05 
1232 1180.96 9.05847e-12 1.52775e-05 
1233 1175.08 9.09272e-12 1.49716e-05 
1234 1169.25 9.12598e-12 1.46564e-05 
1235 1163.46 9.15822e-12 1.4332e-05 
1236 1157.72 9.18943e-12 1.39986e-05 
1237 1152.03 9.21958e-12 1.36563e-05 
1238 1146.39 9.24865e-12 1.33055e-05 
1239 1140.8 9.27663e-12 1.29462e-05 
1240 1135.27 9.30349e-12 1.25788e-05 
1241 1129.8 9.3292e-12 1.22033e-05 
1242 1124.4 9.35376e-12 1.18201e-05 
1243 1119.06 9.37713e-12 1.14292e-05 
1244 1113.78 9.39929e-12 1.1031e-05 
1245 1108.57 9.42023e-12 1.06256e-05 
1246 1103.44 9.43991e-12 1.02133e-05 
1247 1098.38 9.45833e-12 9.7942e-06 
1248 1093.4 9.47545e-12 9.36858e-06 
1249 1088.49 9.49126e-12 8.93664e-06 
1250 1083.67 9.50572e-12 8.4986e-06 
1251 1078.93 9.51883e-12 8.05469e-06 
1252 1074.28 9.53058e-12 7.60509e-06 
1253 1069.71 9.54099e-12 7.15003e-06 
1254 1065.23 9.55005e-12 6.6897e-06 
1255 1060.83 9.55778e-12 6.22431e-06 
1256 1056.52 9.56417e-12 5.75407e-06 
1257 1052.3 9.56924e-12 5.27919e-06 
1258 1048.16 9.573e-12 4.79989e-06 
1259 1044.11 9.57544e-12 4.31637e-06 
1260 1040.14 9.57658e-12 3.82884e-06 
1261 1036.26 9.57642e-12 3.33753e-06 
1262 1032.47 9.57497e-12 2.84266e-06 
1263 1028.77 9.57224e-12 2.34443e-06 
1264 1025.16 9.56823e-12 1.84308e-06 
1265 1021.63 9.56295e-12 1.33881e-06 
1266 1018.2 9.55641e-12 8.31866e-07 
1267 1014.85 9.54861e-12 3.22458e-07 
1268 1011.59 9.53956e-12 -1.89185e-07 
1269 1008.42 9.52927e-12 -7.02836e-07 
1270 1005.34 9.51774e-12 -1.21826e-06 
1271 1002.35 9.50499e-12 -1.73524e-06 
1272 999.449 9.49102e-12 -2.25354e-06 
1273 996.639 9.47584e-12 -2.77291e-06 
1274 993.921 9.45946e-12 -3.29314e-06 
1275 991.293 9.44188e-12 -3.81398e-06 
1276 988.757 9.42311e-12 -4.33519e-06 
1277 986.313 9.40316e-12 -4.85654e-06 
1278 983.96 9.38203e-12 -5.37778e-06 
1279 981.699 9.35974e-12 -5.89868e-06 
1280 979.531 9.3363e-12 -6.41899e-06 
1281 977.455 9.3117e-12 -6.93846e-06 
1282 975.472 9.28597e-12 -7.45685e-06 
1283 973.583 9.2591e-12 -7.97391e-06 
1284 971.787 9.23111e-12 -8.48939e-06 
1285 970.084 9.20201e-12 -9.00304e-06 
1286 968.476 9.1718e-12 -9.5146e-06 
1287 966.961 9.14049e-12 -1.00238e-05 
1288 965.541 9.10809e-12 -1.05305e-05 
1289 964.216 9.07461e-12 -1.10343e-05 
1290 962.986 9.04006e-12 -1.15349e-05 
1291 961.851 9.00445e-12 -1.20323e-05 
1292 960.812 8.96778e-12 -1.25259e-05 
1293 959.868 8.93006e-12 -1.30157e-05 
1294 959.02 8.89132e-12 -1.35014e-05 
1295 958.269 8.85154e-12 -1.39826e-05 
1296 957.614 8.81075e-12 -1.44591e-05 
1297 957.056 8.76895e-12 -1.49306e-05 
1298 956.595 8.72615e-12 -1.5397e-05 
1299 956.231 8.68236e-12 -1.58578e-05 
1300 955.965 8.6376e-12 -1.63128e-05 
1301 955.796 8.59186e-12 -1.67618e-05 
1302 955.724 8.54518e-12 -1.72047e-05 
1303 955.747 8.49757e-12 -1.76414e-05 
1304 955.865 8.44905e-12 -1.80718e-05 
1305 956.075 8.39964e-12 -1.84959e-05 
1306 956.377 8.34936e-12 -1.89135e-05 
1307 956.77 8.29824e-12 -1.93247e-05 
1308 957.251 8.2463e-12 -1.97293e-05 
1309 957.821 8.19355e-12 -2.01272e-05 
1310 958.477 8.14003e-12 -2.05184e-05 
1311 959.218 8.08574e-12 -2.09028e-05 
1312 960.043 8.03071e-12 -2.12803e-05 
1313 960.951 7.97497e-12 -2.16508e-05 
1314 961.941 7.91853e-12 -2.20144e-05 
1315 963.01 7.86142e-12 -2.23708e-05 
1316 964.158 7.80366e-12 -2.272e-05 
1317 965.383 7.74528e-12 -2.3062e-05 
1318 966.685 7.68629e-12 -2.33966e-05 
1319 968.061 7.62671e-12 -2.37238e-05 
1320 969.51 7.56658e-12 -2.40434e-05 
1321 971.031 7.50592e-12 -2.43555e-05 
1322 972.622 7.44474e-12 -2.466e-05 
1323 974.283 7.38307e-12 -2.49567e-05 
1324 976.011 7.32094e-12 -2.52456e-05 
1325 977.805 7.25836e-12 -2.55265e-05 
1326 979.664 7.19537e-12 -2.57995e-05 
1327 981.586 7.13198e-12 -2.60644e-05 
1328 983.57 7.06823e-12 -2.63212e-05 
1329 985.614 7.00412e-12 -2.65698e-05 
1330 987.717 6.9397e-12 -2.681e-05 
1331 989.878 6.87498e-12 -2.70418e-05 
1332 992.094 6.80999e-12 -2.72652e-05 
1333 994.365 6.74475e-12 -2.748e-05 
1334 996.688 6.67929e-12 -2.76862e-05 
1335 999.063 6.61363e-12 -2.78836e-05 
1336 1001.49 6.5478e-12 -2.80722e-05 
1337 1003.96 6.48183e-12 -2.82519e-05 
1338 1006.48 6.41573e-12 -2.84227e-05 
1339 1009.04 6.34954e-12 -2.85844e-05 
1340 1011.65 6.28328e-12 -2.87369e-05 
1341 1014.3 6.21698e-12 -2.88802e-05 
1342 1016.99 6.15067e-12 -2.90142e-05 
1343 1019.72 6.08436e-12 -2.91387e-05 
1344 1022.49 6.01809e-12 -2.92538e-05 
1345 1025.29 5.95189e-12 -2.93593e-05 
1346 1028.12 5.88577e-12 -2.94551e-05 
1347 1030.99 5.81978e-12 -2.95411e-05 
1348 1033.89 5.75393e-12 -2.96173e-05 
1349 1036.81 5.68825e-12 -2.96836e-05 
1350 1039.77 5.62276e-12 -2.97398e-05 
1351 1042.74 5.55751e-12 -2.9786e-05 
1352 1045.75 5.49249e-12 -2.98221e-05 
1353 1048.77 5.42773e-12 -2.98483e-05 
1354 1051.82 5.36322e-12 -2.98647e-05 
1355 1054.88 5.29899e-12 -2.98713e-05 
1356 1057.96 5.23504e-12 -2.98682e-05 
1357 1061.06 5.1714e-12 -2.98555e-05 
1358 1064.17 5.10806e-12 -2.98334e-05 
1359 1067.3 5.04504e-12 -2.98018e-05 
1360 1070.43 4.98235e-12 -2.9761e-05 
1361 1073.58 4.92001e-12 -2.9711e-05 
1362 1076.73 4.85803e-12 -2.96518e-05 
1363 1079.89 4.79641e-12 -2.95836e-05 
1364 1083.05 4.73518e-12 -2.95065e-05 
1365 1086.22 4.67434e-12 -2.94206e-05 
1366 1089.38 4.6139e-12 -2.93259e-05 
1367 1092.55 4.55389e-12 -2.92226e-05 
1368 1095.71 4.4943e-12 -2.91108e-05 
1369 1098.87 4.43516e-12 -2.89905e-05 
1370 1102.02 4.37648e-12 -2.88619e-05 
1371 1105.17 4.31826e-12 -2.87251e-05 
1372 1108.3 4.26052e-12 -2.85801e-05 
1373 1111.43 4.20328e-12 -2.84271e-05 
1374 1114.54 4.14655e-12 -2.82662e-05 
1375 1117.63 4.09033e-12 -2.80975e-05 
1376 1120.71 4.03465e-12 -2.79211e-05 
1377 1123.77 3.97952e-12 -2.7737e-05 
1378 1126.81 3.92494e-12 -2.75454e-05 
1379 1129.83 3.87093e-12 -2.73465e-05 
1380 1132.83 3.81751e-12 -2.71402e-05 
1381 1135.8 3.76469e-12 -2.69268e-05 
1382 1138.74 3.71248e-12 -2.67063e-05 
1383 1141.65 3.6609e-12 -2.64788e-05 
1384 1144.53 3.60995e-12 -2.62445e-05 
1385 1147.37 3.55966e-12 -2.60035e-05 
1386 1150.19 3.51003e-12 -2.57558e-05 
1387 1152.96 3.46109e-12 -2.55016e-05 
1388 1155.7 3.41283e-12 -2.5241e-05 
1389 1158.39 3.36528e-12 -2.49741e-05 
1390 1161.04 3.31846e-12 -2.47011e-05 
1391 1163.65 3.27237e-12 -2.4422e-05 
1392 1166.21 3.22703e-12 -2.41369e-05 
1393 1168.72 3.18245e-12 -2.38461e-05 
1394 1171.18 3.13865e-12 -2.35495e-05 
1395 1173.59 3.09563e-12 -2.32473e-05 
1396 1175.94 3.05343e-12 -2.29397e-05 
1397 1178.24 3.01204e-12 -2.26268e-05 
1398 1180.47 2.97149e-12 -2.23086e-05 
1399 1182.65 2.93179e-12 -2.19853e-05 
1400 1184.76 2.89295e-12 -2.16571e-05 
1401 1186.81 2.85499e-12 -2.1324e-05 
1402 1188.79 2.8179e-12 -2.09862e-05 
1403 1190.71 2.78168e-12 -2.06438e-05 
1404 1192.56 2.74632e-12 -2.0297e-05 
1405 1194.34 2.71183e-12 -1.99459e-05 
1406 1196.06 2.67819e-12 -1.95907e-05 
1407 1197.71 2.64541e-12 -1.92315e-05 
1408 1199.28 2.61348e-12 -1.88684e-05 
1409 1200.79 2.58239e-12 -1.85015e-05 
1410 1202.24 2.55215e-12 -1.81312e-05 
1411 1203.61 2.52274e-12 -1.77574e-05 
1412 1204.91 2.49416e-12 -1.73803e-05 
1413 1206.14 2.46641e-12 -1.70001e-05 
1414 1207.29 2.43948e-12 -1.66169e-05 
1415 1208.38 2.41337e-12 -1.62309e-05 
1416 1209.39 2.38808e-12 -1.58422e-05 
1417 1210.33 2.3636e-12 -1.5451e-05 
1418 1211.2 2.33992e-12 -1.50575e-05 
1419 1211.99 2.31704e-12 -1.46617e-05 
1420 1212.7 2.29496e-12 -1.42638e-05 
1421 1213.35 2.27367e-12 -1.38641e-05 
1422 1213.91 2.25316e-12 -1.34626e-05 
1423 1214.4 2.23344e-12 -1.30595e-05 
1424 1214.81 2.2145e-12 -1.2655e-05 
1425 1215.15 2.19632e-12 -1.22493e-05 
1426 1215.4 2.17892e-12 -1.18424e-05 
1427 1215.58 2.16227e-12 -1.14345e-05 
1428 1215.68 2.14638e-12 -1.10259e-05 
1429 1215.7 2.13125e-12 -1.06167e-05 
1430 1215.64 2.11686e-12 -1.02069e-05 
1431 1215.5 2.10321e-12 -9.79694e-06 
1432 1215.28 2.0903e-12 -9.38681e-06 
1433 1214.98 2.07813e-12 -8.97671e-06 
1434 1214.59 2.06667e-12 -8.56682e-06 
1435 1214.12 2.05594e-12 -8.1573e-06 
1436 1213.57 2.04592e-12 -7.74833e-06 
1437 1212.93 2.03662e-12 -7.34007e-06 
1438 1212.21 2.02802e-12 -6.93269e-06 
1439 1211.41 2.02011e-12 -6.52637e-06 
1440 1210.51 2.0129e-12 -6.12128e-06 
1441 1209.54 2.00638e-12 -5.71759e-06 
1442 1208.47 2.00055e-12 -5.31548e-06 
1443 1207.32 1.99538e-12 -4.91513e-06 
1444 1206.08 1.99089e-12 -4.51671e-06 
1445 1204.75 1.98707e-12 -4.1204e-06 
1446 1203.34 1.9839e-12 -3.72638e-06 
1447 1201.83 1.98139e-12 -3.33483e-06 
1448 1200.23 1.97953e-12 -2.94592e-06 
1449 1198.54 1.9783e-12 -2.55985e-06 
1450 1196.76 1.97772e-12 -2.17679e-06 
1451 1194.89 1.97776e-12 -1.79691e-06 
1452 1192.93 1.97842e-12 -1.42029e-06 
1453 1190.88 1.9797e-12 -1.047e-06 
1454 1188.74 1.98157e-12 -6.77106e-07 
1455 1186.51 1.98403e-12 -3.10676e-07 
1456 1184.2 1.98707e-12 5.22232e-08 
1457 1181.8 1.99068e-12 4.11523e-07 
1458 1179.32 1.99485e-12 7.67156e-07 
1459 1176.75 1.99956e-12 1.11905e-06 
1460 1174.11 2.00481e-12 1.46715e-06 
1461 1171.38 2.01058e-12 1.81137e-06 
1462 1168.58 2.01687e-12 2.15165e-06 
1463 1165.69 2.02366e-12 2.48791e-06 
1464 1162.73 2.03095e-12 2.8201e-06 
1465 1159.7 2.03872e-12 3.14813e-06 
1466 1156.59 2.04696e-12 3.47194e-06 
1467 1153.41 2.05566e-12 3.79146e-06 
1468 1150.15 2.06481e-12 4.10661e-06 
1469 1146.83 2.07439e-12 4.41733e-06 
1470 1143.44 2.0844e-12 4.72354e-06 
1471 1139.98 2.09482e-12 5.02517e-06 
1472 1136.45 2.10565e-12 5.32215e-06 
1473 1132.86 2.11687e-12 5.6144e-06 
1474 1129.2 2.12847e-12 5.90186e-06 
1475 1125.48 2.14044e-12 6.18444e-06 
1476 1121.7 2.15276e-12 6.46208e-06 
1477 1117.86 2.16543e-12 6.73471e-06 
1478 1113.97 2.17843e-12 7.00224e-06 
1479 1110.01 2.19175e-12 7.2646e-06 
1480 1106 2.20538e-12 7.52172e-06 
1481 1101.93 2.2193e-12 7.77353e-06 
1482 1097.82 2.23351e-12 8.01994e-06 
1483 1093.65 2.24799e-12 8.26089e-06 
1484 1089.43 2.26273e-12 8.49629e-06 
1485 1085.16 2.27772e-12 8.72607e-06 
1486 1080.84 2.29294e-12 8.95015e-06 
1487 1076.48 2.30839e-12 9.16846e-06 
1488 1072.07 2.32404e-12 9.38092e-06 
1489 1067.62 2.33989e-12 9.58745e-06 
1490 1063.13 2.35593e-12 9.78797e-06 
1491 1058.59 2.37213e-12 9.98241e-06 
1492 1054.02 2.3885e-12 1.01707e-05 
1493 1049.41 2.40501e-12 1.03527e-05 
1494 1044.77 2.42165e-12 1.05284e-05 
1495 1040.09 2.43841e-12 1.06977e-05 
1496 1035.38 2.45528e-12 1.08606e-05 
1497 1030.63 2.47224e-12 1.10168e-05 
1498 1025.86 2.48928e-12 1.11664e-05 
1499 1021.06 2.50638e-12 1.13093e-05 
1500 1016.23 2.52354e-12 1.14454e-05 
1501 1011.38 2.54074e-12 1.15747e-05 
1502 1006.5 2.55797e-12 1.16971e-05 
1503 1001.6 2.57522e-12 1.18126e-05 
1504 996.673 2.59248e-12 1.19215e-05 
1505 991.729 2.60975e-12 1.20236e-05 
1506 986.765 2.62702e-12 1.2119e-05 
1507 981.783 2.64427e-12 1.22079e-05 
1508 976.783 2.66151e-12 1.22901e-05 
1509 971.768 2.67871e-12 1.23658e-05 
1510 966.737 2.69588e-12 1.2435e-05 
1511 961.693 2.713e-12 1.24978e-05 
1512 956.636 2.73007e-12 1.25541e-05 
1513 951.567 2.74707e-12 1.26041e-05 
1514 946.489 2.764e-12 1.26478e-05 
1515 941.402 2.78085e-12 1.26853e-05 
1516 936.307 2.7976e-12 1.27165e-05 
1517 931.205 2.81426e-12 1.27415e-05 
1518 926.098 2.83081e-12 1.27605e-05 
1519 920.988 2.84724e-12 1.27733e-05 
1520 915.874 2.86354e-12 1.27802e-05 
1521 910.759 2.87971e-12 1.27811e-05 
1522 905.644 2.89573e-12 1.2776e-05 
1523 900.53 2.91159e-12 1.27651e-05 
1524 895.418 2.92729e-12 1.27483e-05 
1525 890.31 2.94282e-12 1.27258e-05 
1526 885.207 2.95817e-12 1.26975e-05 
1527 880.11 2.97332e-12 1.26636e-05 
1528 875.02 2.98827e-12 1.26241e-05 
1529 869.939 3.00301e-12 1.25789e-05 
1530 864.868 3.01753e-12 1.25283e-05 
1531 859.809 3.03182e-12 1.24722e-05 
1532 854.762 3.04586e-12 1.24107e-05 
1533 849.73 3.05966e-12 1.23438e-05 
1534 844.713 3.0732e-12 1.22716e-05 
1535 839.712 3.08646e-12 1.21942e-05 
1536 834.73 3.09945e-12 1.21116e-05 
1537 829.767 3.11215e-12 1.20238e-05 
1538 824.826 3.12454e-12 1.1931e-05 
1539 819.906 3.13663e-12 1.18331e-05 
1540 815.01 3.1484e-12 1.17302e-05 
1541 810.139 3.15984e-12 1.16224e-05 
1542 805.294 3.17093e-12 1.15097e-05 
1543 800.477 3.18168e-12 1.13923e-05 
1544 795.689 3.19207e-12 1.12701e-05 
1545 790.932 3.20208e-12 1.11432e-05 
1546 786.207 3.21172e-12 1.10116e-05 
1547 781.515 3.22096e-12 1.08755e-05 
1548 776.858 3.2298e-12 1.07349e-05 
1549 772.238 3.23823e-12 1.05898e-05 
1550 767.655 3.24623e-12 1.04403e-05 
1551 763.111 3.2538e-12 1.02864e-05 
1552 758.608 3.26094e-12 1.01283e-05 
1553 754.144 3.26765e-12 9.9661e-06 
1554 749.721 3.27393e-12 9.79982e-06 
1555 745.339 3.27978e-12 9.62957e-06 
1556 740.999 3.2852e-12 9.45547e-06 
1557 736.702 3.29019e-12 9.2776e-06 
1558 732.447 3.29476e-12 9.09607e-06 
1559 728.236 3.29891e-12 8.91097e-06 
1560 724.068 3.30263e-12 8.72241e-06 
1561 719.945 3.30593e-12 8.53049e-06 
1562 715.867 3.30882e-12 8.33529e-06 
1563 711.835 3.31128e-12 8.13694e-06 
1564 707.848 3.31333e-12 7.93552e-06 
1565 703.908 3.31496e-12 7.73114e-06 
1566 700.015 3.31617e-12 7.52391e-06 
1567 696.17 3.31698e-12 7.31392e-06 
1568 692.373 3.31737e-12 7.10129e-06 
1569 688.625 3.31735e-12 6.88611e-06 
1570 684.926 3.31692e-12 6.66848e-06 
1571 681.277 3.31609e-12 6.44853e-06 
1572 677.678 3.31485e-12 6.22634e-06 
1573 674.13 3.3132e-12 6.00204e-06 
1574 670.634 3.31116e-12 5.77572e-06 
1575 667.189 3.30871e-12 5.5475e-06 
1576 663.798 3.30586e-12 5.31748e-06 
1577 660.459 3.30261e-12 5.08577e-06 
1578 657.174 3.29897e-12 4.85248e-06 
1579 653.944 3.29493e-12 4.61773e-06 
1580 650.768 3.2905e-12 4.38161e-06 
1581 647.648 3.28568e-12 4.14425e-06 
1582 644.584 3.28046e-12 3.90576e-06 
1583 641.576 3.27486e-12 3.66625e-06 
1584 638.626 3.26887e-12 3.42583e-06 
1585 635.733 3.2625e-12 3.18461e-06 
1586 632.899 3.25574e-12 2.94271e-06 
1587 630.123 3.2486e-12 2.70025e-06 
1588 627.407 3.24108e-12 2.45734e-06 
1589 624.751 3.23318e-12 2.21409e-06 
1590 622.156 3.2249e-12 1.97063e-06 
1591 619.622 3.21625e-12 1.72707e-06 
1592 617.15 3.20722e-12 1.48352e-06 
1593 614.74 3.19782e-12 1.24011e-06 
1594 612.393 3.18806e-12 9.96958e-07 
1595 610.11 3.17792e-12 7.54179e-07 
1596 607.891 3.16742e-12 5.11895e-07 
1597 605.737 3.15655e-12 2.70227e-07 
1598 603.648 3.14532e-12 2.92961e-08 
1599 601.626 3.13373e-12 -2.10776e-07 
1600 599.67 3.12179e-12 -4.49866e-07 
1601 597.781 3.10948e-12 -6.87863e-07 
1602 595.959 3.09682e-12 -9.24701e-07 
1603 594.203 3.08382e-12 -1.16032e-06 
1604 592.512 3.07049e-12 -1.39467e-06 
1605 590.887 3.05682e-12 -1.6277e-06 
1606 589.327 3.04282e-12 -1.85934e-06 
1607 587.831 3.02851e-12 -2.08954e-06 
1608 586.399 3.01389e-12 -2.31825e-06 
1609 585.029 2.99896e-12 -2.5454e-06 
1610 583.723 2.98373e-12 -2.77094e-06 
1611 582.478 2.96821e-12 -2.99482e-06 
1612 581.295 2.95241e-12 -3.21697e-06 
1613 580.174 2.93633e-12 -3.43734e-06 
1614 579.112 2.91998e-12 -3.65586e-06 
1615 578.111 2.90337e-12 -3.87248e-06 
1616 577.169 2.8865e-12 -4.08715e-06 
1617 576.285 2.86938e-12 -4.2998e-06 
1618 575.461 2.85202e-12 -4.51037e-06 
1619 574.693 2.83442e-12 -4.7188e-06 
1620 573.983 2.81659e-12 -4.92504e-06 
1621 573.33 2.79854e-12 -5.12902e-06 
1622 572.733 2.78028e-12 -5.33069e-06 
1623 572.191 2.76181e-12 -5.52998e-06 
1624 571.704 2.74314e-12 -5.72683e-06 
1625 571.271 2.72428e-12 -5.92118e-06 
1626 570.892 2.70523e-12 -6.11297e-06 
1627 570.567 2.68601e-12 -6.30213e-06 
1628 570.293 2.66661e-12 -6.48862e-06 
1629 570.072 2.64705e-12 -6.67235e-06 
1630 569.902 2.62734e-12 -6.85328e-06 
1631 569.783 2.60748e-12 -7.03134e-06 
1632 569.714 2.58747e-12 -7.20646e-06 
1633 569.694 2.56734e-12 -7.37859e-06 
1634 569.724 2.54708e-12 -7.54765e-06 
1635 569.801 2.5267e-12 -7.71359e-06 
1636 569.927 2.50621e-12 -7.87634e-06 
1637 570.099 2.48562e-12 -8.03584e-06 
1638 570.318 2.46494e-12 -8.19202e-06 
1639 570.583 2.44417e-12 -8.34482e-06 
1640 570.893 2.42332e-12 -8.49417e-06 
1641 571.247 2.4024e-12 -8.64001e-06 
1642 571.646 2.38142e-12 -8.78226e-06 
1643 572.087 2.36038e-12 -8.92088e-06 
1644 572.571 2.3393e-12 -9.05578e-06 
1645 573.097 2.31818e-12 -9.18691e-06 
1646 573.665 2.29703e-12 -9.31419e-06 
1647 574.273 2.27586e-12 -9.43756e-06 
1648 574.921 2.25467e-12 -9.55696e-06 
1649 575.608 2.23347e-12 -9.67231e-06 
1650 576.334 2.21228e-12 -9.78354e-06 
1651 577.098 2.1911e-12 -9.89061e-06 
1652 577.898 2.16993e-12 -9.99352e-06 
1653 578.734 2.14878e-12 -1.00923e-05 
1654 579.605 2.12766e-12 -1.01869e-05 
1655 580.51 2.10656e-12 -1.02774e-05 
1656 581.447 2.08548e-12 -1.03639e-05 
1657 582.416 2.06444e-12 -1.04462e-05 
1658 583.415 2.04344e-12 -1.05245e-05 
1659 584.443 2.02248e-12 -1.05988e-05 
1660 585.499 2.00156e-12 -1.0669e-05 
1661 586.582 1.98069e-12 -1.07352e-05 
1662 587.691 1.95988e-12 -1.07975e-05 
1663 588.824 1.93912e-12 -1.08558e-05 
1664 589.981 1.91842e-12 -1.09101e-05 
1665 591.161 1.89778e-12 -1.09605e-05 
1666 592.361 1.87721e-12 -1.1007e-05 
1667 593.582 1.85671e-12 -1.10497e-05 
1668 594.822 1.83629e-12 -1.10884e-05 
1669 596.079 1.81595e-12 -1.11233e-05 
1670 597.353 1.79569e-12 -1.11544e-05 
1671 598.642 1.77552e-12 -1.11817e-05 
1672 599.945 1.75544e-12 -1.12052e-05 
1673 601.262 1.73546e-12 -1.12249e-05 
1674 602.59 1.71558e-12 -1.12409e-05 
1675 603.928 1.6958e-12 -1.12531e-05 
1676 605.277 1.67613e-12 -1.12617e-05 
1677 606.633 1.65657e-12 -1.12665e-05 
1678 607.996 1.63712e-12 -1.12677e-05 
1679 609.364 1.6178e-12 -1.12653e-05 
1680 610.738 1.5986e-12 -1.12592e-05 
1681 612.114 1.57953e-12 -1.12496e-05 
1682 613.492 1.5606e-12 -1.12363e-05 
1683 614.871 1.5418e-12 -1.12195e-05 
1684 616.25 1.52314e-12 -1.11992e-05 
1685 617.626 1.50463e-12 -1.11754e-05 
1686 619 1.48627e-12 -1.11481e-05 
1687 620.369 1.46806e-12 -1.11173e-05 
1688 621.732 1.45001e-12 -1.1083e-05 
1689 623.089 1.43212e-12 -1.10454e-05 
1690 624.437 1.41441e-12 -1.10043e-05 
1691 625.776 1.39686e-12 -1.09599e-05 
1692 627.103 1.37949e-12 -1.09121e-05 
1693 628.419 1.3623e-12 -1.0861e-05 
1694 629.721 1.34529e-12 -1.08066e-05 
1695 631.008 1.32848e-12 -1.07489e-05 
1696 632.279 1.31185e-12 -1.0688e-05 
1697 633.533 1.29543e-12 -1.06238e-05 
1698 634.767 1.27921e-12 -1.05564e-05 
1699 635.982 1.2632e-12 -1.04858e-05 
1700 637.175 1.24739e-12 -1.04121e-05 
1701 638.345 1.23181e-12 -1.03352e-05 
1702 639.492 1.21644e-12 -1.02552e-05 
1703 640.615 1.20129e-12 -1.01723e-05 
1704 641.714 1.18635e-12 -1.00864e-05 
1705 642.789 1.17164e-12 -9.99758e-06 
1706 643.839 1.15714e-12 -9.90595e-06 
1707 644.864 1.14287e-12 -9.81156e-06 
1708 645.863 1.12881e-12 -9.71446e-06 
1709 646.836 1.11497e-12 -9.61473e-06 
1710 647.783 1.10136e-12 -9.51243e-06 
1711 648.703 1.08797e-12 -9.40761e-06 
1712 649.597 1.0748e-12 -9.30034e-06 
1713 650.463 1.06185e-12 -9.1907e-06 
1714 651.301 1.04912e-12 -9.07873e-06 
1715 652.11 1.03662e-12 -8.96452e-06 
1716 652.892 1.02435e-12 -8.84812e-06 
1717 653.644 1.0123e-12 -8.7296e-06 
1718 654.367 1.00047e-12 -8.60903e-06 
1719 655.06 9.88872e-13 -8.48647e-06 
1720 655.722 9.77499e-13 -8.36199e-06 
1721 656.355 9.66352e-13 -8.23566e-06 
1722 656.956 9.55434e-13 -8.10754e-06 
1723 657.526 9.44743e-13 -7.97771e-06 
1724 658.064 9.34281e-13 -7.84622e-06 
1725 658.57 9.24049e-13 -7.71316e-06 
1726 659.044 9.14045e-13 -7.57859e-06 
1727 659.484 9.04272e-13 -7.44257e-06 
1728 659.891 8.9473e-13 -7.30519e-06 
1729 660.264 8.85419e-13 -7.1665e-06 
1730 660.603 8.76339e-13 -7.02658e-06 
1731 660.908 8.67492e-13 -6.8855e-06 
1732 661.177 8.58878e-13 -6.74333e-06 
1733 661.411 8.50497e-13 -6.60014e-06 
1734 661.61 8.42349e-13 -6.456e-06 
1735 661.771 8.34436e-13 -6.31099e-06 
1736 661.897 8.26758e-13 -6.16518e-06 
1737 661.985 8.19315e-13 -6.01864e-06 
1738 662.035 8.12108e-13 -5.87144e-06 
1739 662.048 8.05137e-13 -5.72366e-06 
1740 662.022 7.98403e-13 -5.57537e-06 
1741 661.958 7.91907e-13 -5.42664e-06 
1742 661.854 7.85648e-13 -5.27755e-06 
1743 661.71 7.79628e-13 -5.12818e-06 
1744 661.527 7.73847e-13 -4.97859e-06 
1745 661.303 7.68305e-13 -4.82887e-06 
1746 661.038 7.63004e-13 -4.67909e-06 
1747 660.732 7.57942e-13 -4.52933e-06 
1748 660.383 7.53122e-13 -4.37966e-06 
1749 659.993 7.48543e-13 -4.23016e-06 
1750 659.56 7.44206e-13 -4.08091e-06 
1751 659.084 7.40112e-13 -3.93197e-06 
1752 658.565 7.36256e-13 -3.7834e-06 
1753 658.004 7.32638e-13 -3.63523e-06 
1754 657.401 7.29253e-13 -3.4875e-06 
1755 656.756 7.26099e-13 -3.34026e-06 
1756 656.071 7.23174e-13 -3.19354e-06 
1757 655.345 7.20473e-13 -3.04738e-06 
1758 654.578 7.17994e-13 -2.90182e-06 
1759 653.772 7.15735e-13 -2.7569e-06 
1760 652.927 7.13692e-13 -2.61266e-06 
1761 652.043 7.11862e-13 -2.46915e-06 
1762 651.121 7.10242e-13 -2.3264e-06 
1763 650.16 7.08828e-13 -2.18446e-06 
1764 649.162 7.07619e-13 -2.04336e-06 
1765 648.127 7.06611e-13 -1.90315e-06 
1766 647.056 7.05801e-13 -1.76387e-06 
1767 645.948 7.05185e-13 -1.62556e-06 
1768 644.805 7.04761e-13 -1.48826e-06 
1769 643.626 7.04526e-13 -1.35202e-06 
1770 642.413 7.04475e-13 -1.21687e-06 
1771 641.165 7.04607e-13 -1.08286e-06 
1772 639.884 7.04918e-13 -9.50035e-07 
1773 638.569 7.05404e-13 -8.18433e-07 
1774 637.221 7.06063e-13 -6.88097e-07 
1775 635.841 7.06891e-13 -5.59072e-07 
1776 634.429 7.07886e-13 -4.314e-07 
1777 632.985 7.09043e-13 -3.05125e-07 
1778 631.511 7.10359e-13 -1.80291e-07 
1779 630.006 7.11831e-13 -5.69414e-08 
1780 628.471 7.13457e-13 6.48801e-08 
1781 626.906 7.15231e-13 1.85129e-07 
1782 625.313 7.17152e-13 3.03761e-07 
1783 623.691 7.19216e-13 4.20732e-07 
1784 622.041 7.21418e-13 5.35997e-07 
1785 620.364 7.23757e-13 6.4951e-07 
1786 618.659 7.26228e-13 7.61228e-07 
1787 616.928 7.28829e-13 8.71105e-07 
1788 615.171 7.31555e-13 9.79095e-07 
1789 613.388 7.34403e-13 1.08515e-06 
1790 611.581 7.3737e-13 1.18923e-06 
1791 609.749 7.40451e-13 1.29129e-06 
1792 607.893 7.43645e-13 1.39127e-06 
1793 606.014 7.46946e-13 1.48914e-06 
1794 604.112 7.50352e-13 1.58485e-06 
1795 602.187 7.53859e-13 1.67835e-06 
1796 600.241 7.57464e-13 1.76959e-06 
1797 598.273 7.61162e-13 1.85853e-06 
1798 596.284 7.6495e-13 1.94511e-06 
1799 594.276 7.68824e-13 2.0293e-06 
1800 592.247 7.72782e-13 2.11104e-06 
1801 590.2 7.76818e-13 2.1903e-06 
1802 588.133 7.80931e-13 2.26707e-06 
1803 586.049 7.85115e-13 2.34136e-06 
1804 583.947 7.89369e-13 2.41318e-06 
1805 581.828 7.93689e-13 2.48254e-06 
1806 579.693 7.98071e-13 2.54943e-06 
1807 577.542 8.02513e-13 2.61388e-06 
1808 575.375 8.0701e-13 2.67587e-06 
1809 573.194 8.11559e-13 2.73544e-06 
1810 570.998 8.16157e-13 2.79257e-06 
1811 568.789 8.208e-13 2.84728e-06 
1812 566.567 8.25486e-13 2.89958e-06 
1813 564.332 8.30209e-13 2.94947e-06 
1814 562.085 8.34968e-13 2.99696e-06 
1815 559.827 8.39758e-13 3.04205e-06 
1816 557.558 8.44576e-13 3.08477e-06 
1817 555.278 8.49419e-13 3.12511e-06 
1818 552.989 8.54282e-13 3.16307e-06 
1819 550.691 8.59163e-13 3.19868e-06 
1820 548.385 8.64057e-13 3.23194e-06 
1821 546.07 8.68961e-13 3.26285e-06 
1822 543.748 8.73872e-13 3.29142e-06 
1823 541.419 8.78786e-13 3.31767e-06 
1824 539.085 8.83699e-13 3.34159e-06 
1825 536.744 8.88607e-13 3.3632e-06 
1826 534.399 8.93507e-13 3.38251e-06 
1827 532.049 8.98396e-13 3.39953e-06 
1828 529.696 9.03268e-13 3.41425e-06 
1829 527.34 9.08122e-13 3.4267e-06 
1830 524.981 9.12952e-13 3.43688e-06 
1831 522.62 9.17756e-13 3.4448e-06 
1832 520.257 9.22529e-13 3.45046e-06 
1833 517.894 9.27268e-13 3.45388e-06 
1834 515.531 9.31968e-13 3.45507e-06 
1835 513.169 9.36627e-13 3.45403e-06 
1836 510.808 9.41239e-13 3.45077e-06 
1837 508.448 9.45802e-13 3.44531e-06 
1838 506.092 9.50311e-13 3.43764e-06 
1839 503.738 9.54763e-13 3.42779e-06 
1840 501.388 9.59154e-13 3.41576e-06 
1841 499.042 9.63479e-13 3.40155e-06 
1842 496.701 9.67735e-13 3.38518e-06 
1843 494.366 9.71918e-13 3.36666e-06 
1844 492.037 9.76023e-13 3.346e-06 
1845 489.715 9.80048e-13 3.3232e-06 
1846 487.401 9.83987e-13 3.29827e-06 
1847 485.095 9.87837e-13 3.27124e-06 
1848 482.798 9.91594e-13 3.2421e-06 
1849 480.511 9.95253e-13 3.21086e-06 
1850 478.234 9.98811e-13 3.17754e-06 
1851 475.967 1.00226e-12 3.14214e-06 
1852 473.712 1.00561e-12 3.10471e-06 
1853 471.469 1.00885e-12 3.06527e-06 
1854 469.238 1.01199e-12 3.02385e-06 
1855 467.019 1.01501e-12 2.98051e-06 
1856 464.814 1.01793e-12 2.93526e-06 
1857 462.622 1.02074e-12 2.88814e-06 
1858 460.444 1.02344e-12 2.8392e-06 
1859 458.28 1.02603e-12 2.78846e-06 
1860 456.131 1.02851e-12 2.73596e-06 
1861 453.997 1.03088e-12 2.68174e-06 
1862 451.879 1.03314e-12 2.62584e-06 
1863 449.776 1.03529e-12 2.56828e-06 
1864 447.69 1.03732e-12 2.50911e-06 
1865 445.621 1.03924e-12 2.44837e-06 
1866 443.57 1.04105e-12 2.38608e-06 
1867 441.536 1.04274e-12 2.3223e-06 
1868 439.52 1.04432e-12 2.25704e-06 
1869 437.524 1.04578e-12 2.19037e-06 
1870 435.546 1.04713e-12 2.1223e-06 
1871 433.588 1.04836e-12 2.05288e-06 
1872 431.65 1.04947e-12 1.98214e-06 
1873 429.732 1.05047e-12 1.91013e-06 
1874 427.835 1.05135e-12 1.83688e-06 
1875 425.96 1.05211e-12 1.76244e-06 
1876 424.106 1.05275e-12 1.68683e-06 
1877 422.275 1.05327e-12 1.6101e-06 
1878 420.467 1.05367e-12 1.53229e-06 
1879 418.682 1.05395e-12 1.45344e-06 
1880 416.92 1.05411e-12 1.37358e-06 
1881 415.183 1.05415e-12 1.29276e-06 
1882 413.47 1.05406e-12 1.21101e-06 
1883 411.783 1.05385e-12 1.12838e-06 
1884 410.121 1.05352e-12 1.04491e-06 
1885 408.485 1.05306e-12 9.60628e-07 
1886 406.876 1.05248e-12 8.75586e-07 
1887 405.293 1.05178e-12 7.8982e-07 
1888 403.738 1.05094e-12 7.03373e-07 
1889 402.211 1.04998e-12 6.16284e-07 
1890 400.713 1.0489e-12 5.28596e-07 
1891 399.243 1.04768e-12 4.40349e-07 
1892 397.803 1.04634e-12 3.51585e-07 
1893 396.393 1.04487e-12 2.62345e-07 
1894 395.013 1.04327e-12 1.72672e-07 
1895 393.664 1.04154e-12 8.26083e-08 
1896 392.346 1.03967e-12 -7.80485e-09 
1897 391.06 1.03768e-12 -9.85246e-08 
1898 389.807 1.03556e-12 -1.89508e-07 
1899 388.586 1.0333e-12 -2.80713e-07 
1900 387.399 1.03091e-12 -3.72096e-07 
1901 386.245 1.02839e-12 -4.63615e-07 
1902 385.125 1.02573e-12 -5.55232e-07 
1903 384.039 1.02295e-12 -6.46909e-07 
1904 382.986 1.02004e-12 -7.38609e-07 
1905 381.966 1.01701e-12 -8.30295e-07 
1906 380.979 1.01385e-12 -9.21927e-07 
1907 380.024 1.01058e-12 -1.01347e-06 
1908 379.102 1.00719e-12 -1.10488e-06 
1909 378.213 1.00368e-12 -1.19613e-06 
1910 377.356 1.00006e-12 -1.28716e-06 
1911 376.53 9.96338e-13 -1.37796e-06 
1912 375.737 9.92505e-13 -1.46847e-06 
1913 374.975 9.88567e-13 -1.55866e-06 
1914 374.244 9.84528e-13 -1.64849e-06 
1915 373.544 9.8039e-13 -1.73791e-06 
1916 372.876 9.76154e-13 -1.8269e-06 
1917 372.238 9.71825e-13 -1.91541e-06 
1918 371.631 9.67404e-13 -2.00339e-06 
1919 371.054 9.62894e-13 -2.09082e-06 
1920 370.507 9.58298e-13 -2.17765e-06 
1921 369.99 9.53617e-13 -2.26384e-06 
1922 369.503 9.48855e-13 -2.34934e-06 
1923 369.046 9.44015e-13 -2.43413e-06 
1924 368.618 9.39099e-13 -2.51815e-06 
1925 368.218 9.34109e-13 -2.60138e-06 
1926 367.848 9.29048e-13 -2.68375e-06 
1927 367.507 9.2392e-13 -2.76525e-06 
1928 367.194 9.18726e-13 -2.84582e-06 
1929 366.909 9.13469e-13 -2.92541e-06 
1930 366.652 9.08152e-13 -3.004e-06 
1931 366.423 9.02778e-13 -3.08154e-06 
1932 366.222 8.97349e-13 -3.15799e-06 
1933 366.048 8.91868e-13 -3.2333e-06 
1934 365.901 8.86339e-13 -3.30743e-06 
1935 365.781 8.80763e-13 -3.38034e-06 
1936 365.688 8.75143e-13 -3.45199e-06 
1937 365.621 8.69482e-13 -3.52233e-06 
1938 365.58 8.63784e-13 -3.59132e-06 
1939 365.566 8.5805e-13 -3.65892e-06 
1940 365.577 8.52284e-13 -3.72508e-06 
1941 365.614 8.46488e-13 -3.78977e-06 
1942 365.676 8.40666e-13 -3.85293e-06 
1943 365.764 8.3482e-13 -3.91453e-06 
1944 365.876 8.28952e-13 -3.97451e-06 
1945 366.013 8.23067e-13 -4.03284e-06 
1946 366.174 8.17166e-13 -4.08947e-06 
1947 366.36 8.11253e-13 -4.14436e-06 
1948 366.569 8.0533e-13 -4.19746e-06 
1949 366.802 7.99401e-13 -4.24872e-06 
1950 367.058 7.93468e-13 -4.29811e-06 
1951 367.338 7.87534e-13 -4.34559e-06 
1952 367.641 7.81599e-13 -4.39118e-06 
1953 367.965 7.75664e-13 -4.43491e-06 
1954 368.312 7.69726e-13 -4.47682e-06 
1955 368.681 7.63788e-13 -4.51695e-06 
1956 369.07 7.57847e-13 -4.55533e-06 
1957 369.481 7.51904e-13 -4.59199e-06 
1958 369.912 7.45959e-13 -4.62697e-06 
1959 370.363 7.40012e-13 -4.66031e-06 
1960 370.833 7.34062e-13 -4.69204e-06 
1961 371.323 7.28109e-13 -4.72219e-06 
1962 371.832 7.22153e-13 -4.75081e-06 
1963 372.358 7.16193e-13 -4.77792e-06 
1964 372.903 7.1023e-13 -4.80357e-06 
1965 373.465 7.04262e-13 -4.82779e-06 
1966 374.045 6.98291e-13 -4.85062e-06 
1967 374.641 6.92315e-13 -4.87209e-06 
1968 375.253 6.86334e-13 -4.89225e-06 
1969 375.881 6.80349e-13 -4.91112e-06 
1970 376.524 6.74358e-13 -4.92875e-06 
1971 377.183 6.68362e-13 -4.94516e-06 
1972 377.856 6.62361e-13 -4.96041e-06 
1973 378.543 6.56353e-13 -4.97453e-06 
1974 379.244 6.5034e-13 -4.98755e-06 
1975 379.958 6.4432e-13 -4.99952e-06 
1976 380.684 6.38293e-13 -5.01046e-06 
1977 381.424 6.32259e-13 -5.02043e-06 
1978 382.175 6.26219e-13 -5.02945e-06 
1979 382.937 6.20171e-13 -5.03758e-06 
1980 383.711 6.14115e-13 -5.04483e-06 
1981 384.495 6.08051e-13 -5.05127e-06 
1982 385.289 6.01979e-13 -5.05691e-06 
1983 386.093 5.95899e-13 -5.06181e-06 
1984 386.906 5.8981e-13 -5.066e-06 
1985 387.728 5.83712e-13 -5.06953e-06 
1986 388.558 5.77605e-13 -5.07243e-06 
1987 389.396 5.71489e-13 -5.07473e-06 
1988 390.241 5.65362e-13 -5.0765e-06 
1989 391.093 5.59226e-13 -5.07775e-06 
1990 391.952 5.53079e-13 -5.07853e-06 
1991 392.816 5.46922e-13 -5.07889e-06 
1992 393.687 5.40754e-13 -5.07887e-06 
1993 394.562 5.34575e-13 -5.0785e-06 
1994 395.442 5.28385e-13 -5.07782e-06 
1995 396.325 5.22183e-13 -5.07689e-06 
1996 397.213 5.15969e-13 -5.07573e-06 
1997 398.103 5.09743e-13 -5.07439e-06 
1998 398.997 5.03504e-13 -5.07292e-06 
1999 399.892 4.97253e-13 -5.07135e-06 
2000 400.789 4.90989e-13 -5.06973e-06 
