2 979.563 384.452 13.5841 0.0228208 
3 944.903 266.659 21.8775 0.0172934 
4 920.858 205.604 31.8095 0.0155034 
5 902.521 167.951 43.1653 0.0170569 
6 887.154 142.741 55.6376 0.0209363 
7 873.426 125.007 68.956 0.0258909 
8 860.564 112.132 82.913 0.0308822 
9 847.67 102.698 97.3498 0.035472 
10 835.815 95.5332 112.161 0.0395586 
11 823.421 90.1981 127.259 0.0433832 
12 811.135 86.5188 142.585 0.0472132 
13 798.027 83.8283 158.086 0.0513456 
14 785.321 82.1406 173.728 0.055855 
15 773.105 81.3667 189.472 0.0606529 
16 759.439 81.0428 205.272 0.0655736 
17 745.185 81.211 221.109 0.0705936 
18 731.655 82.0052 236.971 0.0757364 
19 719.281 83.4214 252.836 0.0810213 
20 707.387 85.2861 268.666 0.0864612 
21 694.621 87.3265 284.414 0.0920631 
22 681.22 89.5191 300.065 0.097836 
23 667.755 91.9018 315.61 0.103784 
24 654.526 94.4847 331.033 0.109904 
25 641.502 97.2456 346.311 0.11618 
26 628.448 100.143 361.417 0.12259 
27 615.526 103.175 376.338 0.12913 
28 602.899 106.347 391.064 0.135796 
29 590.551 109.643 405.578 0.14258 
30 578.259 113.034 419.858 0.149467 
31 565.723 116.483 433.88 0.156445 
32 553.092 119.992 447.64 0.163509 
33 540.612 123.573 461.14 0.170659 
34 528.488 127.233 474.379 0.177896 
35 516.874 130.978 487.356 0.185216 
36 505.863 134.809 500.068 0.192618 
37 495.481 138.721 512.507 0.200096 
38 485.682 142.707 524.666 0.207645 
39 476.335 146.751 536.53 0.215259 
40 467.221 150.834 548.08 0.222927 
41 458.108 154.935 559.298 0.23064 
42 449.032 159.05 570.185 0.238395 
43 440.093 163.182 580.741 0.246191 
44 431.378 167.331 590.972 0.254026 
45 422.962 171.498 600.879 0.261899 
46 414.902 175.68 610.464 0.269806 
47 407.236 179.876 619.728 0.277748 
48 399.986 184.082 628.668 0.285719 
49 393.149 188.295 637.284 0.293719 
50 386.701 192.507 645.57 0.301743 
51 380.613 196.712 653.523 0.309788 
52 374.92 200.909 661.145 0.317852 
53 369.664 205.097 668.443 0.325935 
54 364.883 209.275 675.42 0.334036 
55 360.6 213.442 682.081 0.342153 
56 356.831 217.595 688.429 0.350285 
57 353.578 221.732 694.465 0.358432 
58 350.832 225.851 700.192 0.36659 
59 348.57 229.947 705.609 0.374759 
60 346.756 234.015 710.715 0.382936 
61 345.354 238.053 715.509 0.39112 
62 344.38 242.058 719.996 0.399311 
63 343.859 246.03 724.182 0.407508 
64 343.813 249.967 728.075 0.415711 
65 344.259 253.87 731.679 0.42392 
66 345.209 257.736 734.999 0.432136 
67 346.672 261.564 738.041 0.440357 
68 348.65 265.354 740.808 0.448585 
69 351.139 269.102 743.303 0.456818 
70 354.129 272.807 745.529 0.465057 
71 357.613 276.468 747.488 0.473302 
72 361.597 280.082 749.186 0.481552 
73 366.096 283.651 750.631 0.48981 
74 371.117 287.172 751.828 0.498075 
75 376.666 290.644 752.785 0.506348 
76 382.748 294.068 753.507 0.514631 
77 389.36 297.441 754 0.522923 
78 396.501 300.763 754.268 0.531226 
79 404.161 304.032 754.315 0.53954 
80 412.331 307.247 754.145 0.547866 
81 420.998 310.407 753.761 0.556204 
82 430.167 313.51 753.171 0.564557 
83 439.843 316.556 752.381 0.572924 
84 450.03 319.546 751.398 0.581309 
85 460.729 322.479 750.23 0.589711 
86 471.942 325.353 748.883 0.598132 
87 483.667 328.17 747.362 0.606574 
88 495.9 330.927 745.673 0.615038 
89 508.634 333.626 743.82 0.623525 
90 521.863 336.264 741.809 0.632037 
91 535.578 338.842 739.644 0.640574 
92 549.778 341.359 737.33 0.649139 
93 564.461 343.815 734.875 0.657732 
94 579.625 346.21 732.285 0.666356 
95 595.266 348.543 729.566 0.675012 
96 611.38 350.815 726.722 0.683702 
97 627.96 353.025 723.76 0.692427 
98 644.997 355.173 720.683 0.701188 
99 662.482 357.258 717.496 0.709988 
100 680.405 359.28 714.203 0.718826 
101 698.753 361.24 710.807 0.727706 
102 717.525 363.136 707.314 0.736628 
103 736.72 364.969 703.733 0.745594 
104 756.334 366.74 700.071 0.754607 
105 776.365 368.449 696.335 0.763667 
106 796.81 370.096 692.531 0.772776 
107 817.665 371.681 688.667 0.781937 
108 838.925 373.204 684.748 0.791149 
109 860.583 374.667 680.78 0.800416 
110 882.635 376.068 676.769 0.809739 
111 905.072 377.408 672.721 0.819118 
112 927.886 378.688 668.64 0.828556 
113 951.068 379.908 664.531 0.838053 
114 974.61 381.068 660.399 0.847612 
115 998.499 382.168 656.246 0.857233 
116 1022.73 383.208 652.077 0.866917 
117 1047.28 384.188 647.895 0.876666 
118 1072.14 385.109 643.701 0.88648 
119 1097.29 385.971 639.499 0.896361 
120 1122.73 386.774 635.289 0.906309 
121 1148.44 387.517 631.073 0.916326 
122 1174.4 388.202 626.858 0.926412 
123 1200.61 388.829 622.648 0.936568 
124 1227.07 389.399 618.449 0.946795 
125 1253.77 389.912 614.266 0.957096 
126 1280.69 390.368 610.105 0.96747 
127 1307.83 390.769 605.97 0.977918 
128 1335.18 391.115 601.866 0.988441 
129 1362.74 391.406 597.797 0.999041 
130 1390.48 391.643 593.768 1.00972 
131 1418.41 391.827 589.783 1.02047 
132 1446.51 391.958 585.844 1.0313 
133 1474.77 392.037 581.956 1.04221 
134 1503.18 392.064 578.121 1.0532 
135 1531.73 392.04 574.342 1.06426 
136 1560.4 391.965 570.622 1.07541 
137 1589.19 391.84 566.962 1.08663 
138 1618.08 391.665 563.364 1.09793 
139 1647.07 391.442 559.829 1.10931 
140 1676.12 391.169 556.359 1.12077 
141 1705.24 390.848 552.955 1.13231 
142 1734.41 390.48 549.619 1.14392 
143 1763.62 390.066 546.356 1.15562 
144 1792.86 389.605 543.169 1.16739 
145 1822.13 389.098 540.061 1.17924 
146 1851.41 388.548 537.035 1.19116 
147 1880.68 387.953 534.095 1.20316 
148 1909.95 387.315 531.242 1.21524 
149 1939.2 386.634 528.48 1.2274 
150 1968.42 385.912 525.81 1.23963 
151 1997.59 385.148 523.234 1.25194 
152 2026.71 384.344 520.754 1.26432 
153 2055.76 383.5 518.372 1.27677 
154 2084.74 382.617 516.088 1.2893 
155 2113.63 381.695 513.903 1.3019 
156 2142.42 380.735 511.818 1.31456 
157 2171.09 379.738 509.834 1.3273 
158 2199.64 378.704 507.949 1.3401 
159 2228.05 377.634 506.164 1.35297 
160 2256.31 376.528 504.479 1.3659 
161 2284.41 375.387 502.893 1.37889 
162 2312.34 374.211 501.406 1.39195 
163 2340.08 373.002 500.022 1.40506 
164 2367.63 371.76 498.742 1.41824 
165 2394.98 370.486 497.567 1.43147 
166 2422.11 369.18 496.498 1.44475 
167 2449.02 367.844 495.537 1.45809 
168 2475.7 366.477 494.685 1.47149 
169 2502.14 365.081 493.941 1.48493 
170 2528.33 363.657 493.307 1.49842 
171 2554.25 362.205 492.783 1.51196 
172 2579.91 360.725 492.369 1.52555 
173 2605.28 359.219 492.065 1.53918 
174 2630.36 357.686 491.871 1.55285 
175 2655.14 356.129 491.785 1.56657 
176 2679.61 354.546 491.808 1.58031 
177 2703.77 352.939 491.937 1.5941 
178 2727.59 351.309 492.173 1.60791 
179 2751.07 349.655 492.513 1.62175 
180 2774.2 347.979 492.955 1.63562 
181 2796.98 346.28 493.499 1.64951 
182 2819.39 344.561 494.143 1.66343 
183 2841.42 342.82 494.889 1.67736 
184 2863.08 341.06 495.735 1.69131 
185 2884.34 339.28 496.683 1.70528 
186 2905.21 337.482 497.732 1.71926 
187 2925.67 335.665 498.881 1.73325 
188 2945.72 333.831 500.13 1.74725 
189 2965.35 331.98 501.477 1.76126 
190 2984.55 330.113 502.923 1.77527 
191 3003.33 328.23 504.466 1.78928 
192 3021.66 326.332 506.105 1.80328 
193 3039.55 324.42 507.838 1.81729 
194 3056.98 322.494 509.665 1.83129 
195 3073.96 320.554 511.582 1.84527 
196 3090.47 318.601 513.588 1.85925 
197 3106.51 316.635 515.681 1.87321 
198 3122.07 314.658 517.859 1.88715 
199 3137.15 312.668 520.119 1.90106 
200 3151.75 310.668 522.458 1.91496 
201 3165.85 308.657 524.874 1.92882 
202 3179.45 306.635 527.367 1.94265 
203 3192.55 304.604 529.934 1.95645 
204 3205.14 302.564 532.576 1.97021 
205 3217.22 300.515 535.292 1.98394 
206 3228.79 298.458 538.08 1.99763 
207 3239.84 296.394 540.94 2.01127 
208 3250.37 294.324 543.87 2.02487 
209 3260.37 292.247 546.869 2.03842 
210 3269.85 290.164 549.936 2.05193 
211 3278.79 288.076 553.068 2.06538 
212 3287.2 285.983 556.265 2.07878 
213 3295.07 283.886 559.525 2.09212 
214 3302.41 281.785 562.845 2.10541 
215 3309.2 279.681 566.224 2.11863 
216 3315.45 277.574 569.66 2.13179 
217 3321.17 275.464 573.15 2.14488 
218 3326.33 273.351 576.691 2.1579 
219 3330.95 271.237 580.282 2.17085 
220 3335.03 269.121 583.92 2.18373 
221 3338.55 267.004 587.601 2.19653 
222 3341.54 264.886 591.324 2.20924 
223 3343.97 262.767 595.084 2.22188 
224 3345.86 260.647 598.879 2.23443 
225 3347.2 258.528 602.706 2.24689 
226 3348 256.408 606.561 2.25925 
227 3348.25 254.289 610.443 2.27153 
228 3347.96 252.171 614.35 2.2837 
229 3347.13 250.053 618.281 2.29578 
230 3345.75 247.938 622.235 2.30776 
231 3343.83 245.825 626.21 2.31965 
232 3341.38 243.714 630.205 2.33142 
233 3338.38 241.607 634.218 2.3431 
234 3334.85 239.502 638.247 2.35467 
235 3330.78 237.402 642.291 2.36613 
236 3326.18 235.305 646.347 2.37749 
237 3321.05 233.212 650.415 2.38873 
238 3315.4 231.125 654.492 2.39987 
239 3309.22 229.042 658.576 2.41089 
240 3302.52 226.964 662.665 2.42179 
241 3295.31 224.892 666.757 2.43258 
242 3287.59 222.825 670.849 2.44326 
243 3279.36 220.765 674.94 2.45381 
244 3270.63 218.71 679.028 2.46424 
245 3261.4 216.662 683.108 2.47455 
246 3251.68 214.62 687.18 2.48474 
247 3241.47 212.585 691.241 2.4948 
248 3230.79 210.556 695.288 2.50473 
249 3219.63 208.535 699.318 2.51453 
250 3208 206.52 703.329 2.52421 
251 3195.91 204.512 707.317 2.53376 
252 3183.37 202.511 711.282 2.54317 
253 3170.37 200.518 715.223 2.55245 
254 3156.93 198.534 719.137 2.5616 
255 3143.05 196.557 723.023 2.57061 
256 3128.73 194.588 726.882 2.57949 
257 3113.98 192.629 730.71 2.58824 
258 3098.8 190.678 734.506 2.59685 
259 3083.2 188.737 738.27 2.60532 
260 3067.19 186.805 741.999 2.61366 
261 3050.78 184.882 745.693 2.62186 
262 3033.96 182.97 749.349 2.62993 
263 3016.76 181.068 752.967 2.63786 
264 2999.16 179.175 756.544 2.64565 
265 2981.19 177.293 760.08 2.6533 
266 2962.85 175.422 763.572 2.66082 
267 2944.15 173.561 767.019 2.6682 
268 2925.09 171.711 770.419 2.67544 
269 2905.69 169.871 773.772 2.68255 
270 2885.95 168.042 777.074 2.68952 
271 2865.88 166.225 780.324 2.69635 
272 2845.49 164.418 783.521 2.70304 
273 2824.8 162.622 786.663 2.70959 
274 2803.81 160.837 789.747 2.71601 
275 2782.53 159.063 792.773 2.72229 
276 2760.97 157.3 795.739 2.72844 
277 2739.14 155.548 798.642 2.73445 
278 2717.05 153.807 801.484 2.74032 
279 2694.7 152.078 804.262 2.74606 
280 2672.11 150.36 806.977 2.75167 
281 2649.28 148.654 809.627 2.75714 
282 2626.23 146.959 812.211 2.76248 
283 2602.96 145.276 814.73 2.7677 
284 2579.47 143.605 817.182 2.77278 
285 2555.79 141.946 819.566 2.77773 
286 2531.92 140.3 821.882 2.78256 
287 2507.86 138.665 824.129 2.78726 
288 2483.64 137.042 826.306 2.79183 
289 2459.26 135.431 828.412 2.79628 
290 2434.72 133.832 830.447 2.80061 
291 2410.05 132.246 832.411 2.80482 
292 2385.25 130.671 834.301 2.80891 
293 2360.34 129.109 836.118 2.81288 
294 2335.32 127.558 837.861 2.81673 
295 2310.21 126.019 839.53 2.82047 
296 2285.01 124.492 841.122 2.8241 
297 2259.75 122.977 842.639 2.82762 
298 2234.43 121.473 844.079 2.83103 
299 2209.07 119.98 845.441 2.83433 
300 2183.68 118.499 846.725 2.83753 
301 2158.27 117.029 847.93 2.84063 
302 2132.84 115.57 849.056 2.84362 
303 2107.41 114.123 850.104 2.84652 
304 2081.99 112.687 851.072 2.84931 
305 2056.57 111.263 851.962 2.85201 
306 2031.16 109.851 852.773 2.85461 
307 2005.77 108.45 853.505 2.85712 
308 1980.42 107.062 854.159 2.85953 
309 1955.09 105.686 854.734 2.86185 
310 1929.81 104.323 855.231 2.86408 
311 1904.58 102.972 855.65 2.86621 
312 1879.4 101.633 855.992 2.86827 
313 1854.28 100.307 856.256 2.87023 
314 1829.23 98.9934 856.442 2.87211 
315 1804.26 97.6927 856.552 2.8739 
316 1779.36 96.4049 856.585 2.87562 
317 1754.56 95.13 856.541 2.87725 
318 1729.86 93.8679 856.422 2.87881 
319 1705.26 92.6188 856.227 2.88029 
320 1680.77 91.3827 855.957 2.8817 
321 1656.4 90.1596 855.613 2.88303 
322 1632.15 88.9494 855.194 2.88429 
323 1608.04 87.7523 854.702 2.88549 
324 1584.07 86.5681 854.136 2.88662 
325 1560.25 85.3969 853.498 2.88768 
326 1536.59 84.2387 852.788 2.88868 
327 1513.09 83.0933 852.007 2.88962 
328 1489.76 81.9609 851.155 2.89051 
329 1466.61 80.8412 850.233 2.89134 
330 1443.65 79.7342 849.242 2.89211 
331 1420.88 78.64 848.182 2.89284 
332 1398.31 77.5583 847.054 2.89351 
333 1375.96 76.4891 845.86 2.89414 
334 1353.82 75.4322 844.599 2.89473 
335 1331.91 74.3877 843.273 2.89527 
336 1310.24 73.3552 841.882 2.89578 
337 1288.81 72.3348 840.429 2.89625 
338 1267.63 71.3262 838.912 2.89669 
339 1246.71 70.3294 837.334 2.8971 
340 1226.06 69.344 835.696 2.89748 
341 1205.68 68.37 833.997 2.89784 
342 1185.59 67.4072 832.241 2.89818 
343 1165.79 66.4553 830.427 2.89849 
344 1146.29 65.5142 828.557 2.8988 
345 1127.1 64.5837 826.632 2.89908 
346 1108.23 63.6634 824.653 2.89936 
347 1089.69 62.7532 822.622 2.89964 
348 1071.49 61.8527 820.539 2.89991 
349 1053.62 60.9619 818.407 2.90018 
350 1036.12 60.0802 816.226 2.90045 
351 1018.97 59.2076 813.997 2.90073 
352 1002.19 58.344 811.722 2.90102 
353 985.774 57.4895 809.401 2.90132 
354 969.728 56.644 807.036 2.90163 
355 954.054 55.8077 804.627 2.90195 
356 938.752 54.9806 802.174 2.90228 
357 923.825 54.1627 799.68 2.90263 
358 909.274 53.3541 797.145 2.903 
359 895.101 52.5547 794.569 2.90338 
360 881.308 51.7646 791.954 2.90377 
361 867.896 50.9838 789.301 2.90419 
362 854.866 50.2123 786.611 2.90463 
363 842.22 49.4502 783.885 2.90508 
364 829.958 48.6973 781.124 2.90556 
365 818.081 47.9538 778.329 2.90607 
366 806.59 47.2196 775.502 2.9066 
367 795.486 46.4947 772.642 2.90715 
368 784.77 45.7791 769.753 2.90773 
369 774.442 45.0728 766.833 2.90835 
370 764.501 44.3757 763.886 2.90899 
371 754.95 43.6879 760.912 2.90966 
372 745.787 43.0092 757.913 2.91036 
373 737.012 42.3396 754.889 2.9111 
374 728.626 41.6792 751.842 2.91187 
375 720.629 41.0279 748.774 2.91268 
376 713.019 40.3855 745.685 2.91353 
377 705.796 39.7521 742.578 2.91441 
378 698.96 39.1275 739.453 2.91534 
379 692.51 38.5118 736.312 2.9163 
380 686.445 37.9049 733.156 2.91731 
381 680.763 37.3065 729.987 2.91836 
382 675.465 36.7168 726.807 2.91945 
383 670.548 36.1356 723.616 2.92059 
384 666.011 35.5628 720.417 2.92178 
385 661.852 34.9983 717.211 2.92301 
386 658.07 34.442 714 2.9243 
387 654.663 33.8937 710.784 2.92563 
388 651.629 33.3535 707.567 2.92702 
389 648.966 32.8211 704.35 2.92846 
390 646.671 32.2965 701.133 2.92996 
391 644.743 31.7794 697.92 2.93151 
392 643.177 31.2699 694.712 2.93311 
393 641.973 30.7676 691.51 2.93478 
394 641.126 30.2726 688.316 2.9365 
395 640.635 29.7845 685.133 2.93828 
396 640.495 29.3034 681.962 2.94013 
397 640.704 28.8289 678.805 2.94204 
398 641.258 28.361 675.664 2.94401 
399 642.153 27.8994 672.541 2.94605 
400 643.387 27.444 669.437 2.94815 
401 644.954 26.9946 666.355 2.95033 
402 646.852 26.5513 663.296 2.95256 
403 649.078 26.1139 660.26 2.95487 
404 651.629 25.6825 657.248 2.95725 
405 654.502 25.2571 654.26 2.95969 
406 657.693 24.8376 651.297 2.9622 
407 661.199 24.4241 648.36 2.96477 
408 665.017 24.0166 645.45 2.96741 
409 669.142 23.615 642.566 2.97012 
410 673.571 23.2194 639.711 2.9729 
411 678.299 22.8296 636.883 2.97574 
412 683.323 22.4458 634.085 2.97864 
413 688.637 22.0678 631.317 2.98162 
414 694.239 21.6956 628.579 2.98465 
415 700.122 21.3292 625.872 2.98775 
416 706.283 20.9687 623.196 2.99092 
417 712.716 20.6138 620.553 2.99415 
418 719.417 20.2647 617.943 2.99744 
419 726.38 19.9213 615.367 3.00079 
420 733.599 19.5835 612.825 3.00421 
421 741.07 19.2512 610.317 3.00769 
422 748.787 18.9246 607.846 3.01122 
423 756.743 18.6034 605.411 3.01482 
424 764.934 18.2877 603.012 3.01848 
425 773.352 17.9774 600.651 3.0222 
426 781.992 17.6724 598.329 3.02597 
427 790.847 17.3727 596.045 3.0298 
428 799.911 17.0783 593.801 3.03369 
429 809.177 16.789 591.597 3.03763 
430 818.638 16.5048 589.434 3.04163 
431 828.287 16.2257 587.312 3.04568 
432 838.117 15.9515 585.233 3.04978 
433 848.121 15.6822 583.196 3.05393 
434 858.29 15.4177 581.203 3.05814 
435 868.618 15.158 579.254 3.0624 
436 879.096 14.9029 577.349 3.0667 
437 889.717 14.6524 575.49 3.07105 
438 900.472 14.4064 573.677 3.07545 
439 911.353 14.1647 571.911 3.07989 
440 922.351 13.9274 570.192 3.08437 
441 933.458 13.6943 568.521 3.0889 
442 944.665 13.4653 566.898 3.09347 
443 955.963 13.2403 565.325 3.09808 
444 967.343 13.0192 563.802 3.10273 
445 978.795 12.8019 562.329 3.10741 
446 990.309 12.5883 560.907 3.11213 
447 1001.88 12.3783 559.537 3.11689 
448 1013.49 12.1717 558.22 3.12167 
449 1025.13 11.9685 556.955 3.12649 
450 1036.8 11.7685 555.745 3.13134 
451 1048.48 11.5717 554.588 3.13622 
452 1060.17 11.3779 553.486 3.14112 
453 1071.86 11.1872 552.438 3.14605 
454 1083.56 10.9996 551.444 3.151 
455 1095.25 10.815 550.503 3.15598 
456 1106.94 10.6335 549.617 3.16098 
457 1118.62 10.455 548.784 3.166 
458 1130.28 10.2795 548.004 3.17104 
459 1141.92 10.1071 547.277 3.1761 
460 1153.54 9.93761 546.604 3.18118 
461 1165.14 9.77111 545.982 3.18628 
462 1176.7 9.60756 545.414 3.19139 
463 1188.22 9.44694 544.897 3.19652 
464 1199.71 9.28923 544.433 3.20166 
465 1211.15 9.13441 544.019 3.20681 
466 1222.55 8.98245 543.658 3.21197 
467 1233.89 8.83334 543.347 3.21714 
468 1245.17 8.68705 543.086 3.22232 
469 1256.39 8.54355 542.876 3.22751 
470 1267.54 8.40282 542.716 3.2327 
471 1278.62 8.26482 542.605 3.2379 
472 1289.62 8.12954 542.544 3.2431 
473 1300.54 7.99693 542.531 3.24829 
474 1311.37 7.86698 542.566 3.25349 
475 1322.1 7.73963 542.649 3.25869 
476 1332.75 7.61487 542.779 3.26388 
477 1343.28 7.49266 542.956 3.26906 
478 1353.71 7.37297 543.179 3.27424 
479 1364.03 7.25574 543.449 3.27941 
480 1374.23 7.14096 543.763 3.28456 
481 1384.3 7.02857 544.122 3.28971 
482 1394.24 6.91855 544.525 3.29484 
483 1404.05 6.81084 544.971 3.29995 
484 1413.72 6.70541 545.461 3.30505 
485 1423.24 6.6022 545.992 3.31012 
486 1432.6 6.50119 546.565 3.31517 
487 1441.81 6.40232 547.18 3.3202 
488 1450.85 6.30554 547.834 3.32521 
489 1459.72 6.21081 548.528 3.33018 
490 1468.42 6.11807 549.261 3.33513 
491 1476.93 6.02728 550.032 3.34004 
492 1485.25 5.93838 550.84 3.34492 
493 1493.38 5.85132 551.685 3.34976 
494 1501.3 5.76605 552.565 3.35456 
495 1509.02 5.68251 553.481 3.35932 
496 1516.52 5.60064 554.431 3.36404 
497 1523.8 5.52039 555.414 3.36872 
498 1530.85 5.44169 556.429 3.37334 
499 1537.67 5.36449 557.476 3.37792 
500 1544.24 5.28872 558.554 3.38244 
501 1550.57 5.21433 559.661 3.38691 
502 1556.65 5.14131 560.798 3.39132 
503 1562.48 5.06964 561.963 3.39568 
504 1568.06 4.99931 563.156 3.39998 
505 1573.39 4.93033 564.376 3.40423 
506 1578.48 4.86268 565.622 3.40841 
507 1583.31 4.79635 566.895 3.41254 
508 1587.9 4.73134 568.192 3.41661 
509 1592.24 4.66762 569.514 3.42062 
510 1596.33 4.6052 570.86 3.42457 
511 1600.17 4.54406 572.229 3.42846 
512 1603.77 4.48419 573.62 3.43229 
513 1607.11 4.42559 575.032 3.43605 
514 1610.22 4.36823 576.465 3.43975 
515 1613.07 4.3121 577.918 3.44339 
516 1615.68 4.2572 579.39 3.44697 
517 1618.05 4.20351 580.88 3.45048 
518 1620.17 4.15101 582.387 3.45393 
519 1622.04 4.0997 583.911 3.45731 
520 1623.68 4.04956 585.451 3.46062 
521 1625.07 4.00057 587.005 3.46387 
522 1626.21 3.95272 588.573 3.46705 
523 1627.12 3.906 590.154 3.47016 
524 1627.79 3.86038 591.747 3.47321 
525 1628.21 3.81585 593.351 3.47618 
526 1628.4 3.7724 594.965 3.47908 
527 1628.35 3.73001 596.588 3.48191 
528 1628.06 3.68865 598.219 3.48467 
529 1627.54 3.64832 599.857 3.48736 
530 1626.78 3.60899 601.501 3.48998 
531 1625.79 3.57064 603.15 3.49252 
532 1624.57 3.53326 604.803 3.49498 
533 1623.11 3.49682 606.458 3.49738 
534 1621.43 3.4613 608.116 3.49969 
535 1619.51 3.42669 609.773 3.50193 
536 1617.37 3.39296 611.431 3.50409 
537 1615 3.3601 613.086 3.50618 
538 1612.41 3.32807 614.738 3.50818 
539 1609.59 3.29685 616.387 3.51011 
540 1606.55 3.26643 618.03 3.51195 
541 1603.29 3.23678 619.666 3.51372 
542 1599.81 3.20787 621.295 3.5154 
543 1596.12 3.17968 622.915 3.517 
544 1592.21 3.15219 624.524 3.51852 
545 1588.08 3.12537 626.122 3.51995 
546 1583.75 3.09919 627.707 3.5213 
547 1579.2 3.07363 629.277 3.52257 
548 1574.44 3.04867 630.832 3.52374 
549 1569.48 3.02426 632.37 3.52483 
550 1564.32 3.00039 633.89 3.52584 
551 1558.95 2.97704 635.39 3.52675 
552 1553.38 2.95418 636.87 3.52758 
553 1547.62 2.93183 638.33 3.52831 
554 1541.67 2.90998 639.768 3.52897 
555 1535.53 2.88862 641.185 3.52953 
556 1529.2 2.86776 642.58 3.53001 
557 1522.69 2.84739 643.953 3.5304 
558 1516.01 2.8275 645.303 3.53071 
559 1509.15 2.80809 646.629 3.53093 
560 1502.13 2.78917 647.932 3.53108 
561 1494.94 2.77072 649.211 3.53113 
562 1487.58 2.75274 650.466 3.53111 
563 1480.08 2.73523 651.695 3.531 
564 1472.42 2.71818 652.898 3.53081 
565 1464.61 2.70159 654.076 3.53054 
566 1456.66 2.68546 655.227 3.5302 
567 1448.57 2.66978 656.351 3.52977 
568 1440.35 2.65454 657.448 3.52926 
569 1431.99 2.63975 658.517 3.52868 
570 1423.52 2.62539 659.557 3.52802 
571 1414.92 2.61146 660.569 3.52728 
572 1406.21 2.59796 661.55 3.52647 
573 1397.38 2.58488 662.502 3.52559 
574 1388.46 2.57222 663.424 3.52463 
575 1379.43 2.55997 664.314 3.5236 
576 1370.31 2.54812 665.173 3.52249 
577 1361.1 2.53667 666 3.52132 
578 1351.8 2.52561 666.795 3.52007 
579 1342.42 2.51494 667.556 3.51876 
580 1332.98 2.50465 668.284 3.51737 
581 1323.46 2.49474 668.978 3.51592 
582 1313.88 2.48519 669.637 3.5144 
583 1304.25 2.47601 670.26 3.51282 
584 1294.57 2.46718 670.848 3.51117 
585 1284.84 2.45869 671.4 3.50946 
586 1275.07 2.45055 671.915 3.50769 
587 1265.27 2.44275 672.392 3.50585 
588 1255.45 2.43527 672.831 3.50395 
589 1245.6 2.4281 673.231 3.502 
590 1235.74 2.42126 673.593 3.49998 
591 1225.87 2.41471 673.914 3.49791 
592 1216.01 2.40846 674.196 3.49578 
593 1206.14 2.4025 674.436 3.49359 
594 1196.29 2.39682 674.635 3.49136 
595 1186.46 2.39142 674.791 3.48906 
596 1176.66 2.38627 674.905 3.48672 
597 1166.88 2.38138 674.976 3.48433 
598 1157.15 2.37674 675.002 3.48188 
599 1147.46 2.37234 674.984 3.47939 
600 1137.83 2.36816 674.921 3.47685 
601 1128.26 2.3642 674.812 3.47426 
602 1118.75 2.36047 674.657 3.47163 
603 1109.31 2.35695 674.457 3.46896 
604 1099.94 2.35365 674.212 3.46624 
605 1090.64 2.35057 673.921 3.46348 
606 1081.42 2.3477 673.586 3.46068 
607 1072.28 2.34505 673.206 3.45784 
608 1063.22 2.34261 672.781 3.45497 
609 1054.24 2.34038 672.312 3.45205 
610 1045.36 2.33837 671.798 3.4491 
611 1036.57 2.33657 671.241 3.44611 
612 1027.88 2.33498 670.64 3.44309 
613 1019.28 2.33359 669.995 3.44004 
614 1010.79 2.33242 669.308 3.43695 
615 1002.4 2.33145 668.577 3.43383 
616 994.126 2.33069 667.803 3.43069 
617 985.962 2.33013 666.987 3.42751 
618 977.915 2.32978 666.129 3.42431 
619 969.989 2.32963 665.228 3.42109 
620 962.186 2.32968 664.286 3.41784 
621 954.51 2.32993 663.303 3.41456 
622 946.966 2.33037 662.278 3.41127 
623 939.556 2.33102 661.212 3.40795 
624 932.285 2.33185 660.106 3.40461 
625 925.155 2.33289 658.96 3.40126 
626 918.172 2.33411 657.773 3.39789 
627 911.338 2.33552 656.547 3.3945 
628 904.658 2.33713 655.282 3.3911 
629 898.135 2.33891 653.978 3.38769 
630 891.773 2.34089 652.635 3.38427 
631 885.577 2.34305 651.254 3.38083 
632 879.55 2.34539 649.835 3.37739 
633 873.695 2.34791 648.378 3.37394 
634 868.018 2.35061 646.884 3.37049 
635 862.522 2.35348 645.353 3.36703 
636 857.211 2.35653 643.786 3.36357 
637 852.09 2.35975 642.183 3.36011 
638 847.162 2.36314 640.544 3.35665 
639 842.431 2.3667 638.87 3.35319 
640 837.903 2.37043 637.161 3.34974 
641 833.58 2.37432 635.418 3.34629 
642 829.469 2.37837 633.64 3.34285 
643 825.571 2.38258 631.829 3.33942 
644 821.893 2.38694 629.985 3.33599 
645 818.438 2.39147 628.108 3.33258 
646 815.211 2.39614 626.199 3.32918 
647 812.217 2.40096 624.258 3.3258 
648 809.459 2.40593 622.286 3.32243 
649 806.942 2.41105 620.283 3.31909 
650 804.671 2.41631 618.25 3.31576 
651 802.65 2.42171 616.187 3.31245 
652 800.879 2.42725 614.094 3.30917 
653 799.356 2.43292 611.973 3.30591 
654 798.082 2.43873 609.823 3.30267 
655 797.055 2.44468 607.646 3.29946 
656 796.275 2.45077 605.442 3.29627 
657 795.742 2.45698 603.211 3.2931 
658 795.453 2.46333 600.954 3.28997 
659 795.409 2.46981 598.672 3.28685 
660 795.608 2.47642 596.366 3.28377 
661 796.05 2.48316 594.035 3.28071 
662 796.733 2.49003 591.681 3.27768 
663 797.657 2.49702 589.304 3.27468 
664 798.821 2.50414 586.904 3.2717 
665 800.223 2.51139 584.483 3.26876 
666 801.862 2.51875 582.042 3.26584 
667 803.738 2.52624 579.58 3.26295 
668 805.848 2.53385 577.098 3.2601 
669 808.193 2.54157 574.597 3.25728 
670 810.77 2.54942 572.079 3.25448 
671 813.579 2.55738 569.543 3.25173 
672 816.619 2.56545 566.99 3.249 
673 819.887 2.57363 564.42 3.24631 
674 823.382 2.58193 561.836 3.24365 
675 827.104 2.59034 559.237 3.24102 
676 831.05 2.59885 556.624 3.23843 
677 835.22 2.60748 553.998 3.23588 
678 839.611 2.6162 551.36 3.23336 
679 844.223 2.62503 548.71 3.23088 
680 849.053 2.63396 546.049 3.22843 
681 854.101 2.643 543.378 3.22603 
682 859.364 2.65213 540.698 3.22366 
683 864.841 2.66135 538.009 3.22133 
684 870.53 2.67067 535.313 3.21904 
685 876.429 2.68009 532.61 3.21679 
686 882.537 2.68959 529.901 3.21458 
687 888.852 2.69919 527.187 3.21241 
688 895.372 2.70887 524.468 3.21028 
689 902.095 2.71864 521.746 3.20819 
690 909.019 2.72849 519.022 3.20615 
691 916.143 2.73842 516.296 3.20415 
692 923.463 2.74843 513.569 3.20219 
693 930.98 2.75852 510.842 3.20028 
694 938.689 2.76868 508.116 3.19841 
695 946.589 2.77892 505.392 3.19659 
696 954.679 2.78923 502.671 3.19481 
697 962.955 2.7996 499.954 3.19308 
698 971.416 2.81005 497.241 3.1914 
699 980.059 2.82056 494.534 3.18976 
700 988.883 2.83113 491.834 3.18818 
701 997.884 2.84176 489.141 3.18664 
702 1007.06 2.85245 486.456 3.18515 
703 1016.4 2.8632 483.78 3.1837 
704 1025.92 2.874 481.112 3.18231 
705 1035.59 2.88485 478.454 3.18096 
706 1045.43 2.89575 475.805 3.17966 
707 1055.42 2.9067 473.167 3.1784 
708 1065.56 2.9177 470.538 3.17719 
709 1075.84 2.92874 467.921 3.17603 
710 1086.27 2.93982 465.315 3.17491 
711 1096.84 2.95094 462.721 3.17384 
712 1107.55 2.9621 460.14 3.17281 
713 1118.38 2.97329 457.57 3.17182 
714 1129.34 2.98452 455.014 3.17088 
715 1140.42 2.99577 452.472 3.16998 
716 1151.62 3.00705 449.944 3.16912 
717 1162.94 3.01836 447.43 3.1683 
718 1174.36 3.02969 444.931 3.16753 
719 1185.88 3.04104 442.447 3.16679 
720 1197.5 3.05241 439.979 3.1661 
721 1209.22 3.0638 437.527 3.16544 
722 1221.03 3.0752 435.093 3.16483 
723 1232.92 3.08661 432.675 3.16425 
724 1244.89 3.09802 430.275 3.16371 
725 1256.94 3.10945 427.894 3.16321 
726 1269.06 3.12087 425.531 3.16274 
727 1281.24 3.13229 423.187 3.16232 
728 1293.49 3.14372 420.863 3.16192 
729 1305.78 3.15513 418.559 3.16156 
730 1318.13 3.16654 416.276 3.16124 
731 1330.52 3.17794 414.014 3.16095 
732 1342.95 3.18933 411.773 3.16069 
733 1355.42 3.2007 409.555 3.16046 
734 1367.91 3.21205 407.359 3.16027 
735 1380.43 3.22337 405.187 3.1601 
736 1392.96 3.23468 403.038 3.15997 
737 1405.5 3.24595 400.913 3.15986 
738 1418.05 3.25719 398.813 3.15979 
739 1430.6 3.2684 396.739 3.15974 
740 1443.15 3.27958 394.69 3.15972 
741 1455.68 3.29071 392.667 3.15972 
742 1468.19 3.3018 390.672 3.15975 
743 1480.69 3.31284 388.703 3.15981 
744 1493.15 3.32384 386.763 3.15989 
745 1505.57 3.33478 384.851 3.15999 
746 1517.96 3.34567 382.968 3.16011 
747 1530.3 3.35649 381.115 3.16026 
748 1542.58 3.36726 379.292 3.16043 
749 1554.8 3.37796 377.499 3.16062 
750 1566.96 3.38859 375.738 3.16082 
751 1579.04 3.39915 374.008 3.16105 
752 1591.04 3.40964 372.311 3.16129 
753 1602.97 3.42005 370.645 3.16154 
754 1614.81 3.43038 369.01 3.16182 
755 1626.57 3.44064 367.408 3.16211 
756 1638.24 3.45081 365.837 3.16241 
757 1649.81 3.4609 364.297 3.16273 
758 1661.29 3.4709 362.789 3.16306 
759 1672.68 3.48082 361.312 3.1634 
760 1683.96 3.49064 359.867 3.16375 
761 1695.13 3.50038 358.453 3.16411 
762 1706.2 3.51002 357.07 3.16449 
763 1717.16 3.51956 355.719 3.16487 
764 1728 3.52901 354.398 3.16526 
765 1738.72 3.53836 353.109 3.16566 
766 1749.32 3.54761 351.85 3.16606 
767 1759.8 3.55675 350.622 3.16647 
768 1770.15 3.56579 349.425 3.16688 
769 1780.36 3.57472 348.259 3.1673 
770 1790.44 3.58354 347.123 3.16771 
771 1800.39 3.59225 346.018 3.16814 
772 1810.18 3.60084 344.943 3.16856 
773 1819.84 3.60932 343.898 3.16898 
774 1829.34 3.61768 342.883 3.1694 
775 1838.69 3.62591 341.899 3.16982 
776 1847.88 3.63403 340.944 3.17023 
777 1856.91 3.64201 340.019 3.17065 
778 1865.78 3.64987 339.124 3.17105 
779 1874.48 3.6576 338.258 3.17145 
780 1883.01 3.6652 337.422 3.17185 
781 1891.36 3.67267 336.615 3.17223 
782 1899.53 3.67999 335.837 3.17261 
783 1907.52 3.68718 335.089 3.17298 
784 1915.32 3.69423 334.369 3.17334 
785 1922.93 3.70113 333.677 3.17368 
786 1930.34 3.70788 333.015 3.17401 
787 1937.56 3.71449 332.381 3.17433 
788 1944.57 3.72095 331.775 3.17463 
789 1951.38 3.72725 331.197 3.17491 
790 1957.97 3.73339 330.648 3.17518 
791 1964.35 3.73938 330.126 3.17543 
792 1970.51 3.74521 329.631 3.17566 
793 1976.45 3.75087 329.164 3.17587 
794 1982.15 3.75637 328.725 3.17605 
795 1987.63 3.76169 328.312 3.17621 
796 1992.87 3.76685 327.927 3.17635 
797 1997.87 3.77184 327.568 3.17646 
798 2002.63 3.77664 327.236 3.17655 
799 2007.13 3.78127 326.93 3.1766 
800 2011.39 3.78572 326.65 3.17663 
801 2015.38 3.78998 326.396 3.17663 
802 2019.12 3.79406 326.168 3.17659 
803 2022.61 3.79796 325.964 3.17653 
804 2025.83 3.80167 325.786 3.17643 
805 2028.81 3.80519 325.633 3.1763 
806 2031.52 3.80853 325.503 3.17614 
807 2033.98 3.81168 325.397 3.17595 
808 2036.19 3.81464 325.315 3.17572 
809 2038.14 3.81741 325.255 3.17546 
810 2039.84 3.82 325.218 3.17517 
811 2041.29 3.8224 325.203 3.17484 
812 2042.49 3.82461 325.21 3.17448 
813 2043.43 3.82663 325.239 3.17409 
814 2044.12 3.82846 325.288 3.17366 
815 2044.57 3.8301 325.358 3.17319 
816 2044.76 3.83155 325.447 3.17269 
817 2044.71 3.83281 325.557 3.17215 
818 2044.41 3.83388 325.685 3.17158 
819 2043.86 3.83475 325.833 3.17097 
820 2043.06 3.83544 325.998 3.17033 
821 2042.02 3.83593 326.182 3.16964 
822 2040.74 3.83622 326.383 3.16892 
823 2039.21 3.83633 326.601 3.16816 
824 2037.44 3.83624 326.835 3.16737 
825 2035.43 3.83596 327.085 3.16653 
826 2033.17 3.83548 327.351 3.16566 
827 2030.67 3.83481 327.631 3.16474 
828 2027.94 3.83394 327.927 3.16379 
829 2024.97 3.83288 328.236 3.1628 
830 2021.76 3.83162 328.558 3.16176 
831 2018.31 3.83017 328.894 3.16069 
832 2014.63 3.82852 329.242 3.15957 
833 2010.71 3.82667 329.602 3.15842 
834 2006.56 3.82463 329.974 3.15722 
835 2002.18 3.82239 330.356 3.15598 
836 1997.56 3.81995 330.749 3.15469 
837 1992.72 3.81731 331.151 3.15337 
838 1987.65 3.81448 331.563 3.152 
839 1982.35 3.81145 331.983 3.15058 
840 1976.82 3.80822 332.411 3.14912 
841 1971.07 3.80479 332.847 3.14762 
842 1965.1 3.80116 333.29 3.14607 
843 1958.9 3.79733 333.74 3.14448 
844 1952.48 3.79331 334.195 3.14284 
845 1945.84 3.78908 334.655 3.14115 
846 1938.98 3.78466 335.12 3.13942 
847 1931.9 3.78003 335.589 3.13764 
848 1924.61 3.7752 336.061 3.13582 
849 1917.1 3.77017 336.537 3.13394 
850 1909.38 3.76495 337.014 3.13202 
851 1901.45 3.75952 337.493 3.13005 
852 1893.3 3.75389 337.973 3.12803 
853 1884.96 3.74806 338.454 3.12596 
854 1876.41 3.74204 338.936 3.12385 
855 1867.66 3.73582 339.417 3.12169 
856 1858.72 3.7294 339.899 3.11948 
857 1849.58 3.72279 340.381 3.11722 
858 1840.26 3.71599 340.862 3.11492 
859 1830.75 3.70899 341.342 3.11257 
860 1821.06 3.70181 341.821 3.11018 
861 1811.2 3.69443 342.299 3.10774 
862 1801.16 3.68687 342.774 3.10526 
863 1790.95 3.67913 343.248 3.10274 
864 1780.57 3.67119 343.718 3.10017 
865 1770.03 3.66308 344.186 3.09756 
866 1759.33 3.65478 344.651 3.0949 
867 1748.48 3.6463 345.112 3.09221 
868 1737.48 3.63765 345.569 3.08947 
869 1726.33 3.62881 346.022 3.08669 
870 1715.03 3.6198 346.47 3.08387 
871 1703.6 3.61061 346.914 3.08101 
872 1692.03 3.60125 347.352 3.07811 
873 1680.33 3.59172 347.784 3.07517 
874 1668.51 3.58202 348.211 3.07219 
875 1656.56 3.57215 348.631 3.06917 
876 1644.5 3.56211 349.044 3.06611 
877 1632.32 3.55191 349.45 3.06302 
878 1620.03 3.54155 349.849 3.05989 
879 1607.63 3.53102 350.239 3.05673 
880 1595.14 3.52033 350.622 3.05352 
881 1582.55 3.50948 350.996 3.05029 
882 1569.87 3.49848 351.361 3.04701 
883 1557.1 3.48732 351.716 3.04371 
884 1544.25 3.476 352.062 3.04037 
885 1531.32 3.46454 352.397 3.03699 
886 1518.31 3.45292 352.722 3.03359 
887 1505.24 3.44116 353.036 3.03015 
888 1492.11 3.42925 353.339 3.02668 
889 1478.91 3.41719 353.629 3.02317 
890 1465.66 3.405 353.908 3.01964 
891 1452.37 3.39266 354.174 3.01608 
892 1439.02 3.38018 354.426 3.01249 
893 1425.64 3.36757 354.666 3.00887 
894 1412.23 3.35482 354.891 3.00522 
895 1398.78 3.34194 355.102 3.00155 
896 1385.32 3.32893 355.299 2.99784 
897 1371.83 3.31579 355.48 2.99411 
898 1358.33 3.30252 355.646 2.99036 
899 1344.82 3.28913 355.795 2.98658 
900 1331.31 3.27562 355.928 2.98277 
901 1317.8 3.26198 356.044 2.97895 
902 1304.29 3.24823 356.144 2.97509 
903 1290.8 3.23436 356.226 2.97122 
904 1277.31 3.22037 356.291 2.96732 
905 1263.84 3.20627 356.34 2.96341 
906 1250.39 3.19207 356.372 2.95947 
907 1236.95 3.17775 356.387 2.95551 
908 1223.54 3.16332 356.385 2.95153 
909 1210.16 3.14879 356.366 2.94754 
910 1196.81 3.13416 356.33 2.94352 
911 1183.49 3.11943 356.278 2.93949 
912 1170.21 3.1046 356.209 2.93544 
913 1156.97 3.08967 356.123 2.93138 
914 1143.77 3.07465 356.02 2.9273 
915 1130.61 3.05953 355.901 2.9232 
916 1117.51 3.04432 355.765 2.9191 
917 1104.46 3.02903 355.612 2.91498 
918 1091.46 3.01365 355.443 2.91084 
919 1078.53 2.99819 355.257 2.9067 
920 1065.65 2.98264 355.055 2.90254 
921 1052.85 2.96702 354.836 2.89838 
922 1040.11 2.95132 354.601 2.8942 
923 1027.45 2.93554 354.349 2.89002 
924 1014.87 2.91969 354.081 2.88583 
925 1002.36 2.90377 353.796 2.88163 
926 989.941 2.88779 353.495 2.87742 
927 977.609 2.87174 353.178 2.87321 
928 965.368 2.85562 352.844 2.869 
929 953.222 2.83945 352.494 2.86478 
930 941.175 2.82322 352.128 2.86056 
931 929.23 2.80693 351.745 2.85634 
932 917.391 2.79059 351.347 2.85211 
933 905.663 2.77419 350.932 2.84788 
934 894.048 2.75776 350.501 2.84366 
935 882.551 2.74127 350.055 2.83943 
936 871.175 2.72474 349.592 2.83521 
937 859.924 2.70817 349.113 2.83099 
938 848.803 2.69157 348.619 2.82677 
939 837.815 2.67493 348.108 2.82256 
940 826.963 2.65825 347.582 2.81835 
941 816.253 2.64155 347.04 2.81415 
942 805.688 2.62482 346.482 2.80996 
943 795.271 2.60806 345.909 2.80577 
944 785.008 2.59129 345.32 2.80159 
945 774.902 2.57449 344.715 2.79742 
946 764.957 2.55768 344.095 2.79326 
947 755.177 2.54085 343.459 2.78912 
948 745.567 2.52402 342.808 2.78498 
949 736.131 2.50718 342.142 2.78086 
950 726.873 2.49033 341.46 2.77676 
951 717.796 2.47348 340.763 2.77267 
952 708.901 2.45663 340.051 2.76859 
953 700.19 2.43978 339.325 2.76453 
954 691.66 2.42293 338.584 2.76049 
955 683.314 2.40609 337.828 2.75646 
956 675.15 2.38925 337.059 2.75245 
957 667.17 2.37242 336.276 2.74845 
958 659.372 2.3556 335.479 2.74448 
959 651.758 2.33879 334.67 2.74052 
960 644.328 2.32199 333.847 2.73658 
961 637.081 2.3052 333.012 2.73265 
962 630.017 2.28843 332.165 2.72875 
963 623.137 2.27167 331.305 2.72486 
964 616.441 2.25492 330.434 2.721 
965 609.929 2.2382 329.551 2.71715 
966 603.601 2.2215 328.657 2.71333 
967 597.456 2.20482 327.752 2.70952 
968 591.496 2.18816 326.836 2.70574 
969 585.719 2.17153 325.91 2.70197 
970 580.127 2.15492 324.974 2.69823 
971 574.719 2.13835 324.029 2.69451 
972 569.495 2.1218 323.073 2.69081 
973 564.455 2.10528 322.109 2.68713 
974 559.599 2.0888 321.136 2.68348 
975 554.927 2.07235 320.155 2.67985 
976 550.439 2.05594 319.165 2.67624 
977 546.136 2.03956 318.167 2.67266 
978 542.016 2.02323 317.162 2.6691 
979 538.081 2.00693 316.15 2.66557 
980 534.329 1.99068 315.131 2.66206 
981 530.762 1.97447 314.105 2.65857 
982 527.378 1.95831 313.073 2.65511 
983 524.178 1.9422 312.035 2.65168 
984 521.162 1.92614 310.991 2.64827 
985 518.329 1.91013 309.943 2.64489 
986 515.68 1.89417 308.889 2.64154 
987 513.215 1.87827 307.831 2.63821 
988 510.933 1.86242 306.768 2.63491 
989 508.834 1.84664 305.702 2.63164 
990 506.918 1.83091 304.633 2.6284 
991 505.185 1.81525 303.56 2.62519 
992 503.636 1.79964 302.484 2.622 
993 502.268 1.78411 301.407 2.61885 
994 501.084 1.76864 300.327 2.61572 
995 500.082 1.75324 299.245 2.61263 
996 499.262 1.73792 298.162 2.60957 
997 498.624 1.72266 297.078 2.60653 
998 498.167 1.70748 295.994 2.60353 
999 497.893 1.69238 294.909 2.60056 
1000 497.8 1.67736 293.825 2.59762 
1001 497.888 1.66242 292.741 2.59472 
1002 498.155 1.64756 291.659 2.59185 
1003 498.598 1.63278 290.577 2.58901 
1004 499.216 1.61808 289.496 2.5862 
1005 500.005 1.60346 288.417 2.58342 
1006 500.963 1.58893 287.34 2.58067 
1007 502.088 1.57448 286.264 2.57796 
1008 503.378 1.56012 285.191 2.57528 
1009 504.829 1.54584 284.121 2.57262 
1010 506.439 1.53164 283.052 2.57 
1011 508.206 1.51753 281.987 2.56741 
1012 510.127 1.50351 280.925 2.56485 
1013 512.2 1.48957 279.866 2.56232 
1014 514.421 1.47572 278.811 2.55982 
1015 516.787 1.46196 277.76 2.55734 
1016 519.298 1.44828 276.713 2.5549 
1017 521.949 1.43469 275.67 2.55249 
1018 524.737 1.4212 274.631 2.5501 
1019 527.661 1.40779 273.598 2.54774 
1020 530.717 1.39447 272.569 2.54541 
1021 533.902 1.38123 271.546 2.54311 
1022 537.213 1.3681 270.529 2.54084 
1023 540.649 1.35505 269.517 2.53859 
1024 544.204 1.34209 268.511 2.53637 
1025 547.878 1.32922 267.512 2.53418 
1026 551.666 1.31645 266.519 2.53201 
1027 555.566 1.30377 265.533 2.52987 
1028 559.575 1.29118 264.555 2.52776 
1029 563.689 1.27869 263.583 2.52567 
1030 567.906 1.26629 262.62 2.52361 
1031 572.222 1.25399 261.664 2.52157 
1032 576.634 1.24178 260.716 2.51956 
1033 581.14 1.22966 259.777 2.51757 
1034 585.736 1.21764 258.847 2.5156 
1035 590.418 1.20572 257.925 2.51366 
1036 595.183 1.1939 257.013 2.51174 
1037 600.029 1.18217 256.111 2.50985 
1038 604.952 1.17054 255.218 2.50798 
1039 609.948 1.15901 254.335 2.50613 
1040 615.014 1.14758 253.463 2.5043 
1041 620.147 1.13624 252.602 2.50249 
1042 625.344 1.12501 251.751 2.50071 
1043 630.6 1.11387 250.912 2.49895 
1044 635.913 1.10284 250.084 2.4972 
1045 641.279 1.0919 249.269 2.49548 
1046 646.694 1.08107 248.465 2.49378 
1047 652.155 1.07034 247.674 2.4921 
1048 657.658 1.05971 246.895 2.49044 
1049 663.2 1.04919 246.13 2.48879 
1050 668.776 1.03877 245.378 2.48717 
1051 674.385 1.02845 244.639 2.48556 
1052 680.022 1.01823 243.914 2.48397 
1053 685.686 1.00812 243.203 2.4824 
1054 691.373 0.998106 242.506 2.48084 
1055 697.083 0.988197 241.822 2.4793 
1056 702.812 0.97839 241.151 2.47778 
1057 708.557 0.968683 240.494 2.47627 
1058 714.317 0.959078 239.851 2.47478 
1059 720.088 0.949574 239.222 2.4733 
1060 725.869 0.94017 238.606 2.47184 
1061 731.656 0.930865 238.003 2.47039 
1062 737.448 0.92166 237.414 2.46896 
1063 743.241 0.912553 236.839 2.46753 
1064 749.032 0.903546 236.277 2.46612 
1065 754.82 0.894636 235.729 2.46472 
1066 760.602 0.885824 235.194 2.46333 
1067 766.374 0.877109 234.672 2.46196 
1068 772.135 0.868492 234.164 2.46059 
1069 777.881 0.85997 233.67 2.45923 
1070 783.61 0.851544 233.189 2.45788 
1071 789.32 0.843214 232.721 2.45655 
1072 795.006 0.834978 232.267 2.45522 
1073 800.667 0.826838 231.826 2.45389 
1074 806.299 0.818791 231.399 2.45258 
1075 811.901 0.810837 230.985 2.45127 
1076 817.468 0.802976 230.584 2.44997 
1077 822.999 0.795208 230.196 2.44867 
1078 828.49 0.787532 229.822 2.44738 
1079 833.939 0.779947 229.461 2.44609 
1080 839.341 0.772453 229.114 2.44481 
1081 844.696 0.765049 228.779 2.44353 
1082 849.999 0.757735 228.458 2.44225 
1083 855.247 0.75051 228.15 2.44098 
1084 860.438 0.743374 227.855 2.4397 
1085 865.569 0.736326 227.573 2.43843 
1086 870.636 0.729366 227.304 2.43716 
1087 875.636 0.722492 227.049 2.43589 
1088 880.567 0.715704 226.806 2.43462 
1089 885.425 0.709003 226.576 2.43335 
1090 890.208 0.702386 226.36 2.43207 
1091 894.911 0.695854 226.156 2.4308 
1092 899.532 0.689405 225.965 2.42952 
1093 904.067 0.68304 225.787 2.42823 
1094 908.515 0.676758 225.622 2.42695 
1095 912.87 0.670557 225.47 2.42565 
1096 917.13 0.664438 225.331 2.42436 
1097 921.292 0.658399 225.204 2.42305 
1098 925.352 0.65244 225.09 2.42174 
1099 929.307 0.64656 224.989 2.42043 
1100 933.154 0.640759 224.901 2.4191 
1101 936.89 0.635036 224.825 2.41777 
1102 940.514 0.62939 224.761 2.41642 
1103 944.026 0.623821 224.71 2.41507 
1104 947.425 0.618329 224.671 2.41371 
1105 950.712 0.612912 224.643 2.41234 
1106 953.885 0.607572 224.628 2.41096 
1107 956.946 0.602306 224.623 2.40957 
1108 959.892 0.597115 224.63 2.40817 
1109 962.725 0.591999 224.648 2.40676 
1110 965.444 0.586956 224.677 2.40534 
1111 968.049 0.581986 224.716 2.40391 
1112 970.539 0.577089 224.766 2.40246 
1113 972.914 0.572264 224.826 2.40101 
1114 975.174 0.567511 224.896 2.39954 
1115 977.318 0.56283 224.976 2.39807 
1116 979.347 0.558218 225.065 2.39657 
1117 981.26 0.553677 225.164 2.39507 
1118 983.057 0.549206 225.272 2.39356 
1119 984.738 0.544804 225.388 2.39203 
1120 986.301 0.54047 225.514 2.39049 
1121 987.748 0.536204 225.647 2.38893 
1122 989.078 0.532005 225.789 2.38736 
1123 990.29 0.527874 225.939 2.38578 
1124 991.385 0.523809 226.097 2.38418 
1125 992.362 0.519809 226.262 2.38257 
1126 993.22 0.515875 226.434 2.38095 
1127 993.961 0.512005 226.614 2.37931 
1128 994.582 0.508199 226.8 2.37765 
1129 995.085 0.504456 226.992 2.37598 
1130 995.469 0.500776 227.191 2.37429 
1131 995.733 0.497158 227.396 2.37259 
1132 995.878 0.493602 227.607 2.37087 
1133 995.903 0.490106 227.824 2.36913 
1134 995.809 0.486671 228.045 2.36738 
1135 995.593 0.483296 228.272 2.3656 
1136 995.258 0.479979 228.503 2.36382 
1137 994.802 0.47672 228.739 2.36201 
1138 994.224 0.47352 228.98 2.36019 
1139 993.526 0.470376 229.224 2.35834 
1140 992.707 0.467288 229.472 2.35648 
1141 991.765 0.464256 229.723 2.3546 
1142 990.703 0.461279 229.978 2.3527 
1143 989.518 0.458356 230.236 2.35078 
1144 988.211 0.455487 230.496 2.34884 
1145 986.781 0.45267 230.759 2.34689 
1146 985.229 0.449906 231.023 2.34491 
1147 983.554 0.447193 231.29 2.34291 
1148 981.756 0.44453 231.558 2.34088 
1149 979.835 0.441918 231.828 2.33884 
1150 977.79 0.439355 232.098 2.33678 
1151 975.623 0.43684 232.369 2.33469 
1152 973.333 0.434373 232.641 2.33258 
1153 970.923 0.431954 232.913 2.33045 
1154 968.395 0.429582 233.185 2.3283 
1155 965.75 0.427257 233.457 2.32613 
1156 962.991 0.424978 233.729 2.32394 
1157 960.118 0.422746 234.001 2.32172 
1158 957.135 0.420558 234.271 2.31949 
1159 954.042 0.418416 234.542 2.31723 
1160 950.843 0.416319 234.811 2.31495 
1161 947.537 0.414266 235.079 2.31265 
1162 944.128 0.412256 235.345 2.31034 
1163 940.618 0.41029 235.61 2.308 
1164 937.008 0.408367 235.874 2.30564 
1165 933.3 0.406486 236.135 2.30326 
1166 929.497 0.404647 236.394 2.30086 
1167 925.599 0.40285 236.651 2.29845 
1168 921.61 0.401093 236.905 2.29601 
1169 917.531 0.399377 237.157 2.29355 
1170 913.365 0.397702 237.405 2.29108 
1171 909.112 0.396065 237.651 2.28858 
1172 904.776 0.394468 237.893 2.28607 
1173 900.359 0.39291 238.131 2.28354 
1174 895.862 0.391389 238.365 2.28099 
1175 891.288 0.389906 238.596 2.27842 
1176 886.638 0.38846 238.822 2.27584 
1177 881.916 0.387051 239.044 2.27323 
1178 877.123 0.385678 239.261 2.27061 
1179 872.26 0.38434 239.474 2.26798 
1180 867.332 0.383038 239.681 2.26532 
1181 862.339 0.381769 239.883 2.26265 
1182 857.284 0.380535 240.079 2.25996 
1183 852.169 0.379334 240.27 2.25725 
1184 846.996 0.378166 240.455 2.25453 
1185 841.768 0.37703 240.633 2.25179 
1186 836.487 0.375926 240.805 2.24903 
1187 831.155 0.374853 240.971 2.24626 
1188 825.775 0.373811 241.129 2.24347 
1189 820.349 0.372799 241.281 2.24067 
1190 814.879 0.371816 241.425 2.23785 
1191 809.368 0.370863 241.561 2.23502 
1192 803.818 0.369937 241.69 2.23217 
1193 798.231 0.369039 241.81 2.22931 
1194 792.61 0.368169 241.923 2.22643 
1195 786.957 0.367325 242.026 2.22354 
1196 781.275 0.366507 242.121 2.22063 
1197 775.567 0.365714 242.207 2.21771 
1198 769.834 0.364946 242.284 2.21478 
1199 764.079 0.364202 242.351 2.21183 
1200 758.305 0.363481 242.409 2.20887 
1201 752.515 0.362784 242.456 2.2059 
1202 746.709 0.362109 242.494 2.20291 
1203 740.891 0.361457 242.521 2.19991 
1204 735.061 0.360828 242.538 2.1969 
1205 729.223 0.360222 242.546 2.19388 
1206 723.377 0.359638 242.543 2.19084 
1207 717.526 0.359076 242.53 2.1878 
1208 711.671 0.358538 242.507 2.18474 
1209 705.816 0.358021 242.475 2.18167 
1210 699.961 0.357527 242.431 2.1786 
1211 694.108 0.357056 242.378 2.17551 
1212 688.261 0.356606 242.315 2.17241 
1213 682.42 0.356179 242.242 2.16931 
1214 676.587 0.355774 242.158 2.16619 
1215 670.765 0.355391 242.064 2.16307 
1216 664.957 0.35503 241.96 2.15994 
1217 659.163 0.354691 241.846 2.1568 
1218 653.386 0.354374 241.722 2.15366 
1219 647.627 0.354079 241.587 2.1505 
1220 641.891 0.353806 241.443 2.14734 
1221 636.177 0.353554 241.288 2.14418 
1222 630.489 0.353324 241.123 2.14101 
1223 624.828 0.353116 240.947 2.13783 
1224 619.197 0.352929 240.761 2.13465 
1225 613.598 0.352763 240.566 2.13146 
1226 608.033 0.352619 240.359 2.12827 
1227 602.504 0.352496 240.143 2.12508 
1228 597.013 0.352395 239.916 2.12188 
1229 591.563 0.352314 239.679 2.11868 
1230 586.157 0.352255 239.432 2.11547 
1231 580.795 0.352216 239.174 2.11226 
1232 575.481 0.352198 238.906 2.10906 
1233 570.216 0.352202 238.628 2.10584 
1234 565.004 0.352226 238.339 2.10263 
1235 559.846 0.35227 238.04 2.09942 
1236 554.744 0.352335 237.731 2.09621 
1237 549.702 0.352421 237.411 2.09299 
1238 544.72 0.352527 237.081 2.08978 
1239 539.803 0.352653 236.74 2.08657 
1240 534.951 0.3528 236.389 2.08336 
1241 530.168 0.352967 236.028 2.08015 
1242 525.456 0.353154 235.657 2.07694 
1243 520.817 0.35336 235.274 2.07374 
1244 516.254 0.353587 234.882 2.07053 
1245 511.768 0.353833 234.479 2.06734 
1246 507.364 0.354099 234.066 2.06414 
1247 503.042 0.354385 233.642 2.06095 
1248 498.806 0.35469 233.208 2.05776 
1249 494.658 0.355015 232.764 2.05458 
1250 490.6 0.355359 232.309 2.05141 
1251 486.635 0.355722 231.843 2.04824 
1252 482.763 0.356104 231.367 2.04507 
1253 478.985 0.356505 230.882 2.04191 
1254 475.301 0.356925 230.386 2.03876 
1255 471.71 0.357364 229.88 2.03562 
1256 468.214 0.357821 229.365 2.03248 
1257 464.813 0.358296 228.84 2.02935 
1258 461.506 0.358789 228.305 2.02622 
1259 458.294 0.359301 227.761 2.02311 
1260 455.178 0.35983 227.208 2.02 
1261 452.157 0.360377 226.647 2.0169 
1262 449.232 0.360942 226.076 2.01381 
1263 446.403 0.361523 225.497 2.01072 
1264 443.671 0.362123 224.909 2.00765 
1265 441.034 0.362739 224.313 2.00458 
1266 438.495 0.363372 223.708 2.00152 
1267 436.053 0.364022 223.096 1.99847 
1268 433.708 0.364688 222.476 1.99543 
1269 431.46 0.365371 221.848 1.9924 
1270 429.31 0.36607 221.212 1.98938 
1271 427.258 0.366785 220.57 1.98637 
1272 425.305 0.367515 219.919 1.98337 
1273 423.45 0.368262 219.262 1.98038 
1274 421.693 0.369024 218.598 1.9774 
1275 420.036 0.369801 217.928 1.97443 
1276 418.477 0.370594 217.25 1.97147 
1277 417.019 0.371402 216.567 1.96853 
1278 415.659 0.372224 215.877 1.96559 
1279 414.4 0.373061 215.181 1.96267 
1280 413.241 0.373912 214.479 1.95976 
1281 412.182 0.374778 213.772 1.95686 
1282 411.224 0.375658 213.059 1.95397 
1283 410.366 0.376551 212.341 1.95109 
1284 409.61 0.377459 211.617 1.94823 
1285 408.954 0.37838 210.889 1.94538 
1286 408.401 0.379314 210.156 1.94255 
1287 407.949 0.380261 209.418 1.93973 
1288 407.599 0.381221 208.676 1.93692 
1289 407.351 0.382194 207.929 1.93412 
1290 407.206 0.383179 207.179 1.93134 
1291 407.163 0.384177 206.425 1.92858 
1292 407.223 0.385187 205.667 1.92583 
1293 407.386 0.386208 204.905 1.92309 
1294 407.652 0.387242 204.141 1.92037 
1295 408.022 0.388287 203.373 1.91766 
1296 408.496 0.389343 202.602 1.91497 
1297 409.074 0.39041 201.829 1.9123 
1298 409.756 0.391488 201.053 1.90964 
1299 410.542 0.392577 200.274 1.907 
1300 411.433 0.393676 199.494 1.90437 
1301 412.428 0.394786 198.712 1.90176 
1302 413.527 0.395905 197.928 1.89917 
1303 414.728 0.397034 197.142 1.89659 
1304 416.029 0.398173 196.355 1.89403 
1305 417.429 0.399322 195.567 1.89149 
1306 418.928 0.400479 194.777 1.88896 
1307 420.522 0.401646 193.987 1.88645 
1308 422.211 0.402822 193.195 1.88396 
1309 423.993 0.404006 192.403 1.88148 
1310 425.866 0.405199 191.611 1.87902 
1311 427.83 0.4064 190.818 1.87657 
1312 429.883 0.407608 190.025 1.87414 
1313 432.022 0.408825 189.232 1.87173 
1314 434.248 0.41005 188.439 1.86933 
1315 436.557 0.411282 187.646 1.86695 
1316 438.948 0.412521 186.854 1.86458 
1317 441.421 0.413767 186.063 1.86223 
1318 443.972 0.41502 185.272 1.8599 
1319 446.601 0.416279 184.482 1.85757 
1320 449.307 0.417545 183.694 1.85527 
1321 452.086 0.418817 182.907 1.85298 
1322 454.939 0.420094 182.121 1.8507 
1323 457.862 0.421378 181.337 1.84844 
1324 460.855 0.422667 180.555 1.8462 
1325 463.916 0.423961 179.775 1.84397 
1326 467.042 0.42526 178.997 1.84175 
1327 470.233 0.426564 178.221 1.83955 
1328 473.487 0.427873 177.448 1.83736 
1329 476.802 0.429186 176.678 1.83519 
1330 480.176 0.430503 175.911 1.83303 
1331 483.607 0.431824 175.147 1.83089 
1332 487.094 0.433148 174.386 1.82876 
1333 490.635 0.434476 173.628 1.82665 
1334 494.229 0.435807 172.874 1.82454 
1335 497.872 0.437141 172.124 1.82246 
1336 501.565 0.438478 171.378 1.82038 
1337 505.303 0.439817 170.636 1.81832 
1338 509.087 0.441159 169.899 1.81627 
1339 512.914 0.442502 169.166 1.81424 
1340 516.783 0.443847 168.438 1.81222 
1341 520.69 0.445194 167.715 1.81021 
1342 524.636 0.446541 166.997 1.80822 
1343 528.617 0.44789 166.284 1.80624 
1344 532.631 0.44924 165.577 1.80427 
1345 536.678 0.45059 164.876 1.80231 
1346 540.754 0.45194 164.181 1.80037 
1347 544.859 0.45329 163.491 1.79844 
1348 548.989 0.45464 162.808 1.79652 
1349 553.144 0.455989 162.132 1.79462 
1350 557.321 0.457337 161.462 1.79272 
1351 561.518 0.458685 160.799 1.79084 
1352 565.733 0.460031 160.144 1.78897 
1353 569.965 0.461375 159.495 1.78711 
1354 574.213 0.462718 158.853 1.78527 
1355 578.474 0.464058 158.218 1.78343 
1356 582.747 0.465397 157.59 1.78161 
1357 587.031 0.466732 156.97 1.77979 
1358 591.323 0.468065 156.357 1.77799 
1359 595.621 0.469395 155.751 1.7762 
1360 599.925 0.470721 155.152 1.77441 
1361 604.232 0.472044 154.56 1.77264 
1362 608.541 0.473362 153.976 1.77088 
1363 612.85 0.474677 153.399 1.76912 
1364 617.157 0.475987 152.829 1.76737 
1365 621.46 0.477293 152.267 1.76564 
1366 625.758 0.478593 151.713 1.76391 
1367 630.049 0.479889 151.166 1.76219 
1368 634.331 0.481178 150.626 1.76048 
1369 638.602 0.482462 150.094 1.75877 
1370 642.861 0.48374 149.569 1.75708 
1371 647.105 0.485012 149.053 1.75539 
1372 651.333 0.486277 148.544 1.75371 
1373 655.543 0.487535 148.042 1.75203 
1374 659.733 0.488786 147.548 1.75036 
1375 663.901 0.49003 147.063 1.7487 
1376 668.046 0.491266 146.585 1.74705 
1377 672.165 0.492493 146.114 1.7454 
1378 676.257 0.493713 145.652 1.74375 
1379 680.319 0.494924 145.198 1.74211 
1380 684.35 0.496126 144.751 1.74048 
1381 688.348 0.497319 144.313 1.73885 
1382 692.311 0.498502 143.882 1.73722 
1383 696.237 0.499676 143.46 1.7356 
1384 700.123 0.50084 143.046 1.73398 
1385 703.969 0.501993 142.64 1.73237 
1386 707.772 0.503135 142.242 1.73076 
1387 711.529 0.504267 141.853 1.72916 
1388 715.24 0.505387 141.471 1.72755 
1389 718.902 0.506496 141.098 1.72595 
1390 722.513 0.507593 140.733 1.72435 
1391 726.071 0.508678 140.377 1.72275 
1392 729.574 0.509751 140.029 1.72116 
1393 733.019 0.51081 139.69 1.71956 
1394 736.406 0.511857 139.359 1.71797 
1395 739.731 0.51289 139.036 1.71638 
1396 742.993 0.513909 138.722 1.71479 
1397 746.189 0.514915 138.417 1.7132 
1398 749.318 0.515906 138.12 1.71161 
1399 752.377 0.516882 137.832 1.71001 
1400 755.365 0.517844 137.553 1.70842 
1401 758.278 0.51879 137.282 1.70683 
1402 761.118 0.51972 137.02 1.70524 
1403 763.883 0.520636 136.767 1.70364 
1404 766.572 0.521535 136.522 1.70204 
1405 769.186 0.522418 136.285 1.70044 
1406 771.725 0.523286 136.057 1.69884 
1407 774.187 0.524137 135.837 1.69724 
1408 776.572 0.524972 135.625 1.69564 
1409 778.88 0.52579 135.421 1.69403 
1410 781.111 0.526592 135.225 1.69242 
1411 783.264 0.527377 135.036 1.69081 
1412 785.339 0.528145 134.856 1.6892 
1413 787.335 0.528896 134.683 1.68758 
1414 789.252 0.52963 134.518 1.68596 
1415 791.09 0.530346 134.36 1.68434 
1416 792.848 0.531045 134.209 1.68272 
1417 794.525 0.531726 134.066 1.68109 
1418 796.122 0.532389 133.93 1.67945 
1419 797.638 0.533034 133.8 1.67782 
1420 799.072 0.533661 133.678 1.67618 
1421 800.425 0.53427 133.563 1.67453 
1422 801.695 0.53486 133.454 1.67289 
1423 802.883 0.535432 133.352 1.67123 
1424 803.987 0.535985 133.257 1.66958 
1425 805.009 0.536519 133.167 1.66791 
1426 805.946 0.537033 133.085 1.66625 
1427 806.799 0.537529 133.008 1.66458 
1428 807.567 0.538005 132.938 1.6629 
1429 808.25 0.538461 132.873 1.66122 
1430 808.848 0.538898 132.815 1.65953 
1431 809.36 0.539315 132.762 1.65784 
1432 809.785 0.539711 132.715 1.65614 
1433 810.124 0.540088 132.673 1.65443 
1434 810.375 0.540444 132.637 1.65272 
1435 810.539 0.540779 132.606 1.651 
1436 810.615 0.541094 132.581 1.64928 
1437 810.602 0.541388 132.56 1.64754 
1438 810.501 0.54166 132.545 1.64581 
1439 810.31 0.541912 132.534 1.64406 
1440 810.03 0.542142 132.528 1.64231 
1441 809.66 0.54235 132.527 1.64055 
1442 809.199 0.542537 132.53 1.63878 
1443 808.647 0.542702 132.538 1.637 
1444 808.004 0.542845 132.55 1.63522 
1445 807.269 0.542966 132.566 1.63343 
1446 806.442 0.543064 132.587 1.63163 
1447 805.523 0.543139 132.611 1.62982 
1448 804.51 0.543192 132.639 1.628 
1449 803.404 0.543222 132.671 1.62617 
1450 802.204 0.543229 132.706 1.62434 
1451 800.91 0.543213 132.745 1.62249 
1452 799.522 0.543173 132.787 1.62064 
1453 798.043 0.54311 132.832 1.61877 
1454 796.472 0.543024 132.88 1.6169 
1455 794.811 0.542915 132.932 1.61502 
1456 793.061 0.542783 132.986 1.61312 
1457 791.223 0.542628 133.043 1.61122 
1458 789.297 0.54245 133.103 1.60931 
1459 787.287 0.542249 133.165 1.60739 
1460 785.191 0.542025 133.229 1.60547 
1461 783.011 0.541778 133.296 1.60353 
1462 780.749 0.541509 133.365 1.60158 
1463 778.406 0.541217 133.436 1.59963 
1464 775.982 0.540902 133.509 1.59767 
1465 773.479 0.540564 133.584 1.59569 
1466 770.897 0.540204 133.66 1.59371 
1467 768.239 0.539822 133.738 1.59172 
1468 765.505 0.539417 133.818 1.58973 
1469 762.697 0.538989 133.898 1.58772 
1470 759.814 0.53854 133.98 1.5857 
1471 756.86 0.538068 134.063 1.58368 
1472 753.834 0.537573 134.147 1.58165 
1473 750.739 0.537057 134.231 1.57961 
1474 747.574 0.536518 134.317 1.57756 
1475 744.342 0.535958 134.402 1.5755 
1476 741.044 0.535375 134.489 1.57344 
1477 737.68 0.53477 134.575 1.57136 
1478 734.253 0.534144 134.662 1.56928 
1479 730.763 0.533495 134.748 1.56719 
1480 727.211 0.532825 134.835 1.5651 
1481 723.599 0.532133 134.921 1.56299 
1482 719.928 0.53142 135.007 1.56088 
1483 716.2 0.530685 135.092 1.55876 
1484 712.415 0.529928 135.177 1.55663 
1485 708.575 0.52915 135.261 1.55449 
1486 704.681 0.528351 135.343 1.55234 
1487 700.734 0.52753 135.425 1.55019 
1488 696.736 0.526688 135.506 1.54803 
1489 692.688 0.525824 135.585 1.54587 
1490 688.591 0.52494 135.663 1.54369 
1491 684.447 0.524034 135.739 1.54151 
1492 680.257 0.523108 135.813 1.53932 
1493 676.023 0.52216 135.886 1.53712 
1494 671.745 0.521192 135.956 1.53492 
1495 667.425 0.520203 136.024 1.53271 
1496 663.064 0.519193 136.09 1.53049 
1497 658.664 0.518163 136.153 1.52826 
1498 654.226 0.517112 136.214 1.52603 
1499 649.752 0.51604 136.272 1.52379 
1500 645.242 0.514948 136.326 1.52154 
1501 640.699 0.513836 136.378 1.51929 
1502 636.124 0.512704 136.427 1.51703 
1503 631.517 0.511551 136.473 1.51476 
1504 626.881 0.510379 136.515 1.51249 
1505 622.217 0.509187 136.554 1.51021 
1506 617.526 0.507976 136.59 1.50792 
1507 612.81 0.506746 136.622 1.50563 
1508 608.07 0.505497 136.651 1.50333 
1509 603.307 0.504229 136.677 1.50103 
1510 598.523 0.502942 136.699 1.49872 
1511 593.72 0.501637 136.718 1.49641 
1512 588.898 0.500314 136.734 1.49409 
1513 584.06 0.498973 136.745 1.49177 
1514 579.206 0.497614 136.754 1.48944 
1515 574.339 0.496238 136.758 1.48711 
1516 569.459 0.494844 136.759 1.48477 
1517 564.569 0.493434 136.756 1.48243 
1518 559.669 0.492006 136.75 1.48008 
1519 554.761 0.490562 136.74 1.47774 
1520 549.848 0.489101 136.725 1.47538 
1521 544.929 0.487625 136.707 1.47303 
1522 540.007 0.486132 136.685 1.47067 
1523 535.084 0.484623 136.66 1.46831 
1524 530.16 0.483099 136.63 1.46594 
1525 525.238 0.481559 136.596 1.46357 
1526 520.319 0.480005 136.558 1.4612 
1527 515.404 0.478435 136.516 1.45883 
1528 510.496 0.476851 136.47 1.45645 
1529 505.595 0.475253 136.419 1.45408 
1530 500.703 0.47364 136.364 1.4517 
1531 495.823 0.472013 136.306 1.44932 
1532 490.955 0.470373 136.242 1.44694 
1533 486.101 0.468719 136.175 1.44455 
1534 481.262 0.467052 136.103 1.44217 
1535 476.442 0.465371 136.026 1.43978 
1536 471.64 0.463678 135.945 1.4374 
1537 466.859 0.461973 135.86 1.43501 
1538 462.1 0.460255 135.77 1.43263 
1539 457.366 0.458525 135.675 1.43024 
1540 452.657 0.456784 135.576 1.42785 
1541 447.975 0.455031 135.472 1.42547 
1542 443.323 0.453266 135.363 1.42308 
1543 438.701 0.451491 135.249 1.4207 
1544 434.112 0.449704 135.131 1.41831 
1545 429.557 0.447908 135.007 1.41593 
1546 425.038 0.446101 134.879 1.41355 
1547 420.557 0.444283 134.746 1.41117 
1548 416.115 0.442456 134.608 1.40879 
1549 411.714 0.44062 134.464 1.40642 
1550 407.356 0.438774 134.316 1.40404 
1551 403.043 0.436919 134.163 1.40167 
1552 398.774 0.435056 134.004 1.3993 
1553 394.552 0.433184 133.84 1.39694 
1554 390.376 0.431303 133.672 1.39457 
1555 386.246 0.429415 133.498 1.39221 
1556 382.164 0.427518 133.32 1.38985 
1557 378.129 0.425614 133.136 1.3875 
1558 374.143 0.423702 132.948 1.38515 
1559 370.206 0.421782 132.756 1.3828 
1560 366.318 0.419856 132.558 1.38045 
1561 362.48 0.417923 132.356 1.37811 
1562 358.693 0.415983 132.15 1.37578 
1563 354.956 0.414036 131.939 1.37344 
1564 351.271 0.412084 131.723 1.37111 
1565 347.639 0.410125 131.504 1.36879 
1566 344.058 0.408161 131.28 1.36647 
1567 340.531 0.406191 131.051 1.36415 
1568 337.058 0.404216 130.819 1.36184 
1569 333.638 0.402235 130.582 1.35953 
1570 330.274 0.40025 130.342 1.35723 
1571 326.965 0.39826 130.097 1.35493 
1572 323.712 0.396266 129.849 1.35264 
1573 320.515 0.394267 129.596 1.35036 
1574 317.375 0.392265 129.34 1.34807 
1575 314.293 0.390258 129.08 1.3458 
1576 311.269 0.388249 128.817 1.34353 
1577 308.304 0.386236 128.549 1.34126 
1578 305.397 0.38422 128.279 1.33901 
1579 302.551 0.382201 128.004 1.33675 
1580 299.765 0.380179 127.727 1.33451 
1581 297.04 0.378156 127.446 1.33227 
1582 294.377 0.37613 127.161 1.33003 
1583 291.775 0.374102 126.874 1.32781 
1584 289.237 0.372073 126.583 1.32559 
1585 286.761 0.370043 126.289 1.32338 
1586 284.349 0.368011 125.993 1.32117 
1587 282.002 0.365979 125.693 1.31897 
1588 279.72 0.363946 125.39 1.31678 
1589 277.503 0.361912 125.085 1.3146 
1590 275.353 0.359879 124.777 1.31242 
1591 273.269 0.357845 124.466 1.31025 
1592 271.253 0.355812 124.152 1.30809 
1593 269.304 0.35378 123.836 1.30594 
1594 267.424 0.351749 123.517 1.3038 
1595 265.614 0.349719 123.197 1.30166 
1596 263.873 0.34769 122.873 1.29953 
1597 262.202 0.345663 122.548 1.29742 
1598 260.602 0.343638 122.22 1.29531 
1599 259.074 0.341615 121.89 1.29321 
1600 257.618 0.339595 121.558 1.29112 
1601 256.234 0.337577 121.224 1.28903 
1602 254.923 0.335563 120.889 1.28696 
1603 253.683 0.333551 120.551 1.2849 
1604 252.514 0.331543 120.212 1.28285 
1605 251.415 0.329537 119.871 1.2808 
1606 250.386 0.327536 119.528 1.27877 
1607 249.426 0.325537 119.184 1.27674 
1608 248.534 0.323543 118.839 1.27472 
1609 247.71 0.321553 118.492 1.27271 
1610 246.953 0.319566 118.144 1.27072 
1611 246.262 0.317584 117.795 1.26873 
1612 245.637 0.315606 117.445 1.26675 
1613 245.077 0.313632 117.094 1.26478 
1614 244.581 0.311663 116.742 1.26282 
1615 244.149 0.309699 116.389 1.26086 
1616 243.781 0.30774 116.035 1.25892 
1617 243.474 0.305786 115.681 1.25699 
1618 243.229 0.303837 115.326 1.25506 
1619 243.045 0.301894 114.971 1.25315 
1620 242.921 0.299956 114.615 1.25124 
1621 242.857 0.298023 114.259 1.24934 
1622 242.852 0.296097 113.903 1.24746 
1623 242.904 0.294176 113.547 1.24558 
1624 243.015 0.292262 113.191 1.24371 
1625 243.182 0.290354 112.835 1.24185 
1626 243.404 0.288452 112.479 1.24 
1627 243.683 0.286557 112.123 1.23815 
1628 244.015 0.284669 111.768 1.23632 
1629 244.402 0.282788 111.413 1.2345 
1630 244.841 0.280914 111.059 1.23268 
1631 245.333 0.279046 110.705 1.23087 
1632 245.877 0.277187 110.352 1.22908 
1633 246.471 0.275335 110 1.22729 
1634 247.115 0.27349 109.648 1.22551 
1635 247.809 0.271654 109.298 1.22374 
1636 248.551 0.269825 108.949 1.22198 
1637 249.341 0.268005 108.601 1.22023 
1638 250.178 0.266193 108.254 1.21848 
1639 251.061 0.26439 107.909 1.21675 
1640 251.989 0.262595 107.565 1.21502 
1641 252.963 0.260809 107.223 1.21331 
1642 253.98 0.259032 106.882 1.2116 
1643 255.04 0.257265 106.544 1.2099 
1644 256.142 0.255506 106.207 1.20821 
1645 257.286 0.253758 105.872 1.20653 
1646 258.47 0.252019 105.539 1.20486 
1647 259.694 0.250289 105.208 1.20319 
1648 260.957 0.24857 104.88 1.20154 
1649 262.259 0.246861 104.554 1.19989 
1650 263.597 0.245162 104.23 1.19826 
1651 264.973 0.243474 103.909 1.19663 
1652 266.383 0.241797 103.591 1.19501 
1653 267.828 0.24013 103.275 1.1934 
1654 269.307 0.238473 102.962 1.19179 
1655 270.818 0.236828 102.652 1.1902 
1656 272.36 0.235192 102.344 1.18861 
1657 273.933 0.233568 102.039 1.18703 
1658 275.535 0.231954 101.737 1.18546 
1659 277.165 0.230351 101.438 1.1839 
1660 278.822 0.228758 101.142 1.18235 
1661 280.506 0.227177 100.848 1.1808 
1662 282.214 0.225606 100.558 1.17926 
1663 283.946 0.224046 100.27 1.17773 
1664 285.701 0.222496 99.9854 1.1762 
1665 287.478 0.220958 99.7038 1.17469 
1666 289.275 0.21943 99.4253 1.17318 
1667 291.092 0.217913 99.1498 1.17167 
1668 292.927 0.216407 98.8775 1.17018 
1669 294.78 0.214912 98.6083 1.16869 
1670 296.649 0.213427 98.3422 1.1672 
1671 298.533 0.211954 98.0794 1.16573 
1672 300.431 0.210491 97.8198 1.16426 
1673 302.341 0.20904 97.5635 1.16279 
1674 304.264 0.207599 97.3105 1.16133 
1675 306.196 0.20617 97.0609 1.15988 
1676 308.139 0.204751 96.8146 1.15843 
1677 310.089 0.203343 96.5717 1.15699 
1678 312.046 0.201947 96.3323 1.15556 
1679 314.01 0.200561 96.0963 1.15413 
1680 315.978 0.199187 95.8639 1.15271 
1681 317.949 0.197823 95.6349 1.15129 
1682 319.923 0.196471 95.4096 1.14987 
1683 321.898 0.19513 95.1879 1.14847 
1684 323.873 0.1938 94.9698 1.14706 
1685 325.846 0.192481 94.7554 1.14566 
1686 327.818 0.191173 94.5446 1.14427 
1687 329.785 0.189877 94.3377 1.14288 
1688 331.748 0.188591 94.1345 1.14149 
1689 333.704 0.187317 93.9351 1.14011 
1690 335.653 0.186054 93.7396 1.13874 
1691 337.593 0.184803 93.5479 1.13736 
1692 339.524 0.183562 93.3602 1.13599 
1693 341.443 0.182333 93.1764 1.13463 
1694 343.35 0.181115 92.9966 1.13327 
1695 345.244 0.179909 92.8208 1.13191 
1696 347.123 0.178713 92.6491 1.13055 
1697 348.985 0.17753 92.4814 1.1292 
1698 350.83 0.176357 92.3179 1.12785 
1699 352.656 0.175196 92.1586 1.12651 
1700 354.463 0.174046 92.0034 1.12516 
1701 356.248 0.172908 91.8525 1.12382 
1702 358.011 0.171781 91.7057 1.12248 
1703 359.752 0.170665 91.5632 1.12115 
1704 361.471 0.16956 91.4247 1.11982 
1705 363.166 0.168467 91.2903 1.11848 
1706 364.837 0.167385 91.1599 1.11716 
1707 366.485 0.166314 91.0336 1.11583 
1708 368.107 0.165254 90.9112 1.1145 
1709 369.705 0.164206 90.7927 1.11318 
1710 371.276 0.163168 90.6781 1.11186 
1711 372.822 0.162142 90.5674 1.11054 
1712 374.341 0.161126 90.4604 1.10922 
1713 375.833 0.160121 90.3572 1.1079 
1714 377.297 0.159127 90.2577 1.10659 
1715 378.733 0.158144 90.1619 1.10527 
1716 380.14 0.157172 90.0697 1.10396 
1717 381.518 0.15621 89.9811 1.10265 
1718 382.867 0.155259 89.896 1.10134 
1719 384.185 0.154319 89.8145 1.10003 
1720 385.473 0.153389 89.7364 1.09872 
1721 386.729 0.15247 89.6617 1.09741 
1722 387.954 0.151562 89.5904 1.0961 
1723 389.146 0.150664 89.5224 1.09479 
1724 390.306 0.149776 89.4578 1.09348 
1725 391.432 0.148898 89.3963 1.09217 
1726 392.525 0.148031 89.3381 1.09087 
1727 393.583 0.147175 89.283 1.08956 
1728 394.606 0.146328 89.231 1.08825 
1729 395.594 0.145492 89.1821 1.08694 
1730 396.546 0.144666 89.1362 1.08563 
1731 397.461 0.143849 89.0933 1.08432 
1732 398.34 0.143043 89.0534 1.08301 
1733 399.181 0.142247 89.0163 1.0817 
1734 399.984 0.141461 88.982 1.08039 
1735 400.748 0.140685 88.9505 1.07908 
1736 401.473 0.139918 88.9218 1.07777 
1737 402.158 0.139161 88.8958 1.07645 
1738 402.803 0.138414 88.8724 1.07514 
1739 403.408 0.137677 88.8516 1.07382 
1740 403.97 0.136949 88.8334 1.0725 
1741 404.491 0.136231 88.8176 1.07118 
1742 404.97 0.135523 88.8044 1.06986 
1743 405.405 0.134823 88.7935 1.06853 
1744 405.797 0.134134 88.785 1.06721 
1745 406.145 0.133453 88.7788 1.06588 
1746 406.448 0.132782 88.7749 1.06455 
1747 406.705 0.13212 88.7732 1.06322 
1748 406.917 0.131468 88.7737 1.06188 
1749 407.082 0.130824 88.7762 1.06054 
1750 407.201 0.130189 88.7809 1.0592 
1751 407.271 0.129564 88.7875 1.05786 
1752 407.295 0.128948 88.7961 1.05652 
1753 407.272 0.12834 88.8066 1.05517 
1754 407.202 0.127741 88.8188 1.05382 
1755 407.086 0.127151 88.8329 1.05246 
1756 406.925 0.12657 88.8486 1.0511 
1757 406.718 0.125998 88.866 1.04974 
1758 406.467 0.125434 88.8849 1.04838 
1759 406.171 0.124879 88.9054 1.04701 
1760 405.83 0.124332 88.9272 1.04565 
1761 405.446 0.123794 88.9504 1.04427 
1762 405.019 0.123264 88.975 1.0429 
1763 404.549 0.122743 89.0007 1.04152 
1764 404.036 0.12223 89.0276 1.04014 
1765 403.481 0.121725 89.0556 1.03876 
1766 402.885 0.121228 89.0847 1.03737 
1767 402.247 0.12074 89.1147 1.03598 
1768 401.569 0.120259 89.1456 1.03459 
1769 400.849 0.119787 89.1773 1.03319 
1770 400.09 0.119323 89.2097 1.0318 
1771 399.292 0.118866 89.2429 1.03039 
1772 398.454 0.118417 89.2767 1.02899 
1773 397.577 0.117977 89.311 1.02758 
1774 396.662 0.117543 89.3457 1.02617 
1775 395.709 0.117118 89.3809 1.02476 
1776 394.719 0.1167 89.4165 1.02334 
1777 393.691 0.11629 89.4522 1.02192 
1778 392.627 0.115887 89.4882 1.0205 
1779 391.527 0.115492 89.5243 1.01907 
1780 390.391 0.115104 89.5604 1.01764 
1781 389.22 0.114723 89.5965 1.01621 
1782 388.014 0.11435 89.6325 1.01478 
1783 386.774 0.113983 89.6684 1.01334 
1784 385.5 0.113624 89.7039 1.0119 
1785 384.192 0.113272 89.7392 1.01045 
1786 382.851 0.112927 89.7741 1.009 
1787 381.478 0.112589 89.8085 1.00755 
1788 380.073 0.112257 89.8423 1.0061 
1789 378.636 0.111933 89.8755 1.00464 
1790 377.167 0.111615 89.9081 1.00318 
1791 375.669 0.111304 89.9398 1.00172 
1792 374.139 0.110999 89.9707 1.00025 
1793 372.581 0.110701 90.0007 0.99878 
1794 370.993 0.110409 90.0297 0.997307 
1795 369.376 0.110124 90.0576 0.99583 
1796 367.731 0.109845 90.0844 0.99435 
1797 366.058 0.109573 90.1099 0.992866 
1798 364.357 0.109306 90.1341 0.99138 
1799 362.63 0.109046 90.1569 0.98989 
1800 360.876 0.108791 90.1782 0.988396 
1801 359.097 0.108543 90.198 0.9869 
1802 357.292 0.1083 90.2162 0.9854 
1803 355.464 0.108064 90.2328 0.983897 
1804 353.611 0.107833 90.2478 0.982391 
1805 351.736 0.107608 90.2611 0.980881 
1806 349.838 0.107389 90.2727 0.979369 
1807 347.919 0.107176 90.2826 0.977854 
1808 345.98 0.106968 90.2907 0.976336 
1809 344.021 0.106766 90.2971 0.974815 
1810 342.042 0.10657 90.3016 0.973292 
1811 340.046 0.106379 90.3044 0.971766 
1812 338.032 0.106194 90.3052 0.970237 
1813 336.001 0.106014 90.3041 0.968706 
1814 333.954 0.10584 90.3011 0.967173 
1815 331.892 0.105671 90.2962 0.965637 
1816 329.816 0.105507 90.2893 0.964099 
1817 327.727 0.105349 90.2803 0.962558 
1818 325.624 0.105196 90.2693 0.961016 
1819 323.51 0.105049 90.2562 0.959471 
1820 321.384 0.104906 90.241 0.957925 
1821 319.249 0.104769 90.2237 0.956377 
1822 317.103 0.104637 90.2042 0.954827 
1823 314.95 0.10451 90.1825 0.953275 
1824 312.788 0.104388 90.1586 0.951722 
1825 310.619 0.104271 90.1324 0.950166 
1826 308.444 0.104159 90.1039 0.94861 
1827 306.264 0.104051 90.073 0.947052 
1828 304.079 0.103949 90.0399 0.945493 
1829 301.89 0.103851 90.0043 0.943932 
1830 299.699 0.103759 89.9663 0.94237 
1831 297.506 0.103671 89.9259 0.940807 
1832 295.311 0.103587 89.883 0.939244 
1833 293.117 0.103508 89.8375 0.937679 
1834 290.923 0.103434 89.7896 0.936113 
1835 288.73 0.103365 89.739 0.934546 
1836 286.54 0.1033 89.6858 0.932979 
1837 284.353 0.103239 89.63 0.931411 
1838 282.17 0.103182 89.5715 0.929843 
1839 279.992 0.103131 89.5103 0.928274 
1840 277.819 0.103083 89.4464 0.926705 
1841 275.654 0.103039 89.3797 0.925135 
1842 273.496 0.103 89.3102 0.923565 
1843 271.346 0.102965 89.2378 0.921995 
1844 269.206 0.102934 89.1626 0.920425 
1845 267.077 0.102907 89.0844 0.918855 
1846 264.958 0.102884 89.0033 0.917285 
1847 262.852 0.102866 88.9193 0.915716 
1848 260.759 0.102851 88.8322 0.914146 
1849 258.679 0.102839 88.7421 0.912577 
1850 256.615 0.102832 88.6489 0.911008 
1851 254.566 0.102828 88.5527 0.90944 
1852 252.533 0.102829 88.4533 0.907873 
1853 250.517 0.102832 88.3508 0.906306 
1854 248.518 0.10284 88.2454 0.90474 
1855 246.537 0.102851 88.1368 0.903174 
1856 244.573 0.102866 88.0253 0.90161 
1857 242.628 0.102884 87.9108 0.900046 
1858 240.702 0.102906 87.7933 0.898484 
1859 238.794 0.102932 87.6729 0.896922 
1860 236.907 0.102961 87.5495 0.895362 
1861 235.039 0.102994 87.4232 0.893802 
1862 233.192 0.10303 87.2941 0.892244 
1863 231.366 0.103069 87.162 0.890687 
1864 229.561 0.103112 87.0271 0.889132 
1865 227.777 0.103158 86.8894 0.887578 
1866 226.016 0.103208 86.7489 0.886026 
1867 224.278 0.103261 86.6056 0.884475 
1868 222.563 0.103317 86.4596 0.882925 
1869 220.871 0.103377 86.3108 0.881378 
1870 219.203 0.103439 86.1593 0.879832 
1871 217.56 0.103505 86.005 0.878288 
1872 215.942 0.103574 85.8481 0.876746 
1873 214.349 0.103647 85.6886 0.875206 
1874 212.782 0.103722 85.5264 0.873668 
1875 211.241 0.1038 85.3616 0.872132 
1876 209.726 0.103882 85.1943 0.870598 
1877 208.239 0.103967 85.0243 0.869067 
1878 206.779 0.104054 84.8518 0.867537 
1879 205.348 0.104145 84.6768 0.86601 
1880 203.945 0.104238 84.4993 0.864486 
1881 202.571 0.104335 84.3194 0.862964 
1882 201.227 0.104434 84.1369 0.861445 
1883 199.912 0.104536 83.9521 0.859928 
1884 198.628 0.104641 83.7648 0.858415 
1885 197.375 0.104749 83.5752 0.856904 
1886 196.153 0.104859 83.3832 0.855395 
1887 194.963 0.104972 83.1888 0.85389 
1888 193.805 0.105088 82.9922 0.852388 
1889 192.68 0.105207 82.7932 0.850889 
1890 191.588 0.105328 82.592 0.849393 
1891 190.53 0.105452 82.3886 0.8479 
1892 189.506 0.105578 82.1829 0.846411 
1893 188.517 0.105707 81.9751 0.844925 
1894 187.563 0.105838 81.7651 0.843442 
1895 186.645 0.105972 81.5529 0.841963 
1896 185.762 0.106109 81.3386 0.840488 
1897 184.917 0.106247 81.1223 0.839016 
1898 184.109 0.106388 80.9038 0.837548 
1899 183.338 0.106532 80.6834 0.836084 
1900 182.605 0.106677 80.4609 0.834624 
1901 181.911 0.106825 80.2364 0.833167 
1902 181.255 0.106975 80.01 0.831715 
1903 180.638 0.107128 79.7817 0.830267 
1904 180.057 0.107282 79.5516 0.828823 
1905 179.515 0.107439 79.3198 0.827383 
1906 179.009 0.107597 79.0864 0.825947 
1907 178.54 0.107758 78.8513 0.824516 
1908 178.107 0.10792 78.6148 0.823089 
1909 177.711 0.108084 78.3768 0.821666 
1910 177.35 0.10825 78.1373 0.820248 
1911 177.025 0.108418 77.8966 0.818834 
1912 176.734 0.108587 77.6546 0.817425 
1913 176.479 0.108758 77.4115 0.81602 
1914 176.258 0.108931 77.1672 0.81462 
1915 176.071 0.109105 76.9219 0.813224 
1916 175.918 0.109281 76.6756 0.811834 
1917 175.798 0.109458 76.4284 0.810448 
1918 175.711 0.109636 76.1804 0.809067 
1919 175.657 0.109816 75.9316 0.807691 
1920 175.635 0.109997 75.6821 0.806319 
1921 175.645 0.11018 75.432 0.804953 
1922 175.687 0.110363 75.1814 0.803592 
1923 175.761 0.110547 74.9303 0.802236 
1924 175.865 0.110733 74.6787 0.800885 
1925 176 0.110919 74.4269 0.799539 
1926 176.165 0.111107 74.1748 0.798198 
1927 176.36 0.111295 73.9225 0.796863 
1928 176.585 0.111484 73.6702 0.795533 
1929 176.839 0.111674 73.4178 0.794208 
1930 177.122 0.111865 73.1654 0.792889 
1931 177.433 0.112056 72.9131 0.791576 
1932 177.772 0.112248 72.6611 0.790268 
1933 178.139 0.11244 72.4093 0.788965 
1934 178.533 0.112633 72.1578 0.787669 
1935 178.955 0.112826 71.9067 0.786378 
1936 179.403 0.113019 71.6562 0.785093 
1937 179.877 0.113213 71.4062 0.783813 
1938 180.377 0.113407 71.1569 0.78254 
1939 180.903 0.113601 70.9083 0.781272 
1940 181.453 0.113795 70.6605 0.780011 
1941 182.029 0.11399 70.4135 0.778755 
1942 182.628 0.114184 70.1676 0.777506 
1943 183.252 0.114378 69.9226 0.776262 
1944 183.899 0.114572 69.6788 0.775025 
1945 184.57 0.114766 69.4362 0.773795 
1946 185.263 0.11496 69.1948 0.77257 
1947 185.979 0.115153 68.9548 0.771352 
1948 186.716 0.115346 68.7162 0.770141 
1949 187.476 0.115539 68.4791 0.768936 
1950 188.256 0.115731 68.2437 0.767737 
1951 189.057 0.115922 68.0098 0.766545 
1952 189.879 0.116113 67.7777 0.765359 
1953 190.721 0.116303 67.5471 0.76418 
1954 191.583 0.116493 67.318 0.763007 
1955 192.464 0.116683 67.0905 0.761839 
1956 193.364 0.116871 66.8645 0.760678 
1957 194.283 0.11706 66.6399 0.759522 
1958 195.221 0.117247 66.4166 0.758371 
1959 196.176 0.117435 66.1948 0.757225 
1960 197.15 0.117622 65.9742 0.756085 
1961 198.141 0.117808 65.755 0.754949 
1962 199.149 0.117994 65.537 0.753818 
1963 200.174 0.11818 65.3201 0.752691 
1964 201.215 0.118365 65.1044 0.751568 
1965 202.272 0.11855 64.8899 0.75045 
1966 203.345 0.118735 64.6764 0.749335 
1967 204.433 0.118919 64.4639 0.748224 
1968 205.537 0.119103 64.2524 0.747117 
1969 206.654 0.119286 64.0419 0.746012 
1970 207.787 0.11947 63.8323 0.744911 
1971 208.933 0.119653 63.6235 0.743813 
1972 210.092 0.119835 63.4156 0.742718 
1973 211.265 0.120018 63.2084 0.741625 
1974 212.451 0.1202 63.002 0.740534 
1975 213.649 0.120382 62.7962 0.739445 
1976 214.859 0.120563 62.5911 0.738359 
1977 216.081 0.120745 62.3866 0.737274 
1978 217.315 0.120926 62.1827 0.73619 
1979 218.559 0.121107 61.9793 0.735108 
1980 219.814 0.121288 61.7763 0.734027 
1981 221.079 0.121469 61.5738 0.732948 
1982 222.354 0.12165 61.3717 0.731868 
1983 223.639 0.121831 61.1699 0.73079 
1984 224.932 0.122011 60.9684 0.729711 
1985 226.235 0.122192 60.7672 0.728633 
1986 227.546 0.122372 60.5661 0.727555 
1987 228.864 0.122552 60.3652 0.726476 
1988 230.19 0.122733 60.1645 0.725397 
1989 231.524 0.122913 59.9638 0.724317 
1990 232.864 0.123093 59.7631 0.723236 
1991 234.211 0.123273 59.5624 0.722154 
1992 235.563 0.123454 59.3616 0.721071 
1993 236.922 0.123634 59.1608 0.719986 
1994 238.285 0.123814 58.9597 0.718899 
1995 239.654 0.123995 58.7585 0.717811 
1996 241.026 0.124176 58.557 0.71672 
1997 242.403 0.124356 58.3552 0.715627 
1998 243.783 0.124537 58.153 0.714531 
1999 245.167 0.124718 57.9504 0.713432 
2000 246.553 0.124899 57.7474 0.712331 
